# 15x15 maze  start=(np.int64(10), np.int64(13))  goal=(np.int64(1), np.int64(7))
maze = np.array([
    [1, 1, 1, 1, 1, 1, 1, 1, 1, 1, 1, 1, 1, 1, 1],
    [1, 0, 0, 0, 0, 0, 1, 0, 0, 0, 0, 0, 0, 0, 1],
    [1, 1, 1, 1, 1, 0, 1, 0, 1, 1, 1, 0, 1, 0, 1],
    [1, 0, 0, 0, 1, 0, 1, 0, 1, 0, 0, 0, 1, 0, 1],
    [1, 1, 1, 0, 1, 0, 1, 1, 1, 0, 1, 1, 1, 1, 1],
    [1, 0, 0, 0, 1, 0, 0, 0, 1, 0, 0, 0, 0, 0, 1],
    [1, 0, 1, 1, 1, 1, 1, 0, 1, 0, 1, 1, 1, 0, 1],
    [1, 0, 1, 0, 0, 0, 0, 0, 1, 0, 0, 0, 1, 0, 1],
    [1, 0, 1, 0, 1, 1, 1, 1, 1, 1, 1, 0, 1, 0, 1],
    [1, 0, 1, 0, 1, 0, 0, 0, 0, 0, 1, 0, 1, 0, 1],
    [1, 0, 1, 0, 1, 1, 1, 0, 1, 0, 1, 0, 1, 0, 1],
    [1, 0, 1, 0, 0, 0, 0, 0, 1, 0, 1, 0, 1, 0, 1],
    [1, 0, 1, 1, 1, 1, 1, 1, 1, 0, 1, 1, 1, 0, 1],
    [1, 0, 0, 0, 0, 0, 0, 0, 0, 0, 0, 0, 0, 0, 1],
    [1, 1, 1, 1, 1, 1, 1, 1, 1, 1, 1, 1, 1, 1, 1],
])
start = (np.int64(10), np.int64(13))
goal  = (np.int64(1), np.int64(7))

------------------------------------------------------------

# 15x15 maze  start=(np.int64(13), np.int64(11))  goal=(np.int64(5), np.int64(2))
maze = np.array([
    [1, 1, 1, 1, 1, 1, 1, 1, 1, 1, 1, 1, 1, 1, 1],
    [1, 0, 0, 0, 0, 0, 0, 0, 0, 0, 0, 0, 0, 0, 1],
    [1, 1, 1, 1, 1, 1, 1, 1, 1, 1, 1, 1, 1, 0, 1],
    [1, 0, 0, 0, 0, 0, 1, 0, 0, 0, 0, 0, 0, 0, 1],
    [1, 0, 1, 1, 1, 1, 1, 0, 1, 1, 1, 1, 1, 1, 1],
    [1, 0, 0, 0, 0, 0, 1, 0, 0, 0, 0, 0, 1, 0, 1],
    [1, 0, 1, 1, 1, 0, 1, 1, 1, 1, 1, 0, 1, 0, 1],
    [1, 0, 1, 0, 0, 0, 0, 0, 1, 0, 0, 0, 1, 0, 1],
    [1, 1, 1, 0, 1, 0, 1, 1, 1, 0, 1, 1, 1, 0, 1],
    [1, 0, 0, 0, 1, 0, 1, 0, 0, 0, 1, 0, 0, 0, 1],
    [1, 0, 1, 1, 1, 1, 1, 0, 1, 1, 1, 1, 1, 0, 1],
    [1, 0, 0, 0, 0, 0, 1, 0, 0, 0, 0, 0, 1, 0, 1],
    [1, 0, 1, 1, 1, 0, 1, 1, 1, 1, 1, 0, 1, 0, 1],
    [1, 0, 0, 0, 1, 0, 0, 0, 0, 0, 0, 0, 0, 0, 1],
    [1, 1, 1, 1, 1, 1, 1, 1, 1, 1, 1, 1, 1, 1, 1],
])
start = (np.int64(13), np.int64(11))
goal  = (np.int64(5), np.int64(2))

------------------------------------------------------------

# 15x15 maze  start=(np.int64(11), np.int64(3))  goal=(np.int64(2), np.int64(11))
maze = np.array([
    [1, 1, 1, 1, 1, 1, 1, 1, 1, 1, 1, 1, 1, 1, 1],
    [1, 0, 1, 0, 0, 0, 1, 0, 0, 0, 0, 0, 0, 0, 1],
    [1, 0, 1, 0, 1, 0, 1, 1, 1, 1, 1, 0, 1, 0, 1],
    [1, 0, 0, 0, 1, 0, 0, 0, 0, 0, 1, 0, 1, 0, 1],
    [1, 1, 1, 1, 1, 1, 1, 1, 1, 0, 1, 0, 1, 1, 1],
    [1, 0, 0, 0, 0, 0, 1, 0, 0, 0, 1, 0, 0, 0, 1],
    [1, 0, 1, 1, 1, 0, 1, 0, 1, 1, 1, 1, 1, 0, 1],
    [1, 0, 0, 0, 1, 0, 1, 0, 1, 0, 0, 0, 0, 0, 1],
    [1, 0, 1, 1, 1, 0, 1, 0, 1, 0, 1, 0, 1, 1, 1],
    [1, 0, 1, 0, 0, 0, 1, 0, 1, 0, 1, 0, 0, 0, 1],
    [1, 0, 1, 0, 1, 1, 1, 0, 1, 0, 1, 1, 1, 0, 1],
    [1, 0, 1, 0, 0, 0, 1, 0, 1, 0, 1, 0, 0, 0, 1],
    [1, 0, 1, 1, 1, 0, 1, 0, 1, 1, 1, 0, 1, 0, 1],
    [1, 0, 0, 0, 1, 0, 0, 0, 0, 0, 0, 0, 1, 0, 1],
    [1, 1, 1, 1, 1, 1, 1, 1, 1, 1, 1, 1, 1, 1, 1],
])
start = (np.int64(11), np.int64(3))
goal  = (np.int64(2), np.int64(11))

------------------------------------------------------------

# 15x15 maze  start=(np.int64(4), np.int64(13))  goal=(np.int64(11), np.int64(7))
maze = np.array([
    [1, 1, 1, 1, 1, 1, 1, 1, 1, 1, 1, 1, 1, 1, 1],
    [1, 0, 0, 0, 1, 0, 0, 0, 0, 0, 0, 0, 0, 0, 1],
    [1, 1, 1, 0, 1, 0, 1, 1, 1, 1, 1, 1, 1, 0, 1],
    [1, 0, 1, 0, 1, 0, 0, 0, 0, 0, 1, 0, 1, 0, 1],
    [1, 0, 1, 0, 1, 1, 1, 1, 1, 0, 1, 0, 1, 0, 1],
    [1, 0, 1, 0, 1, 0, 0, 0, 1, 0, 0, 0, 1, 0, 1],
    [1, 0, 1, 0, 1, 0, 1, 0, 1, 1, 1, 1, 1, 0, 1],
    [1, 0, 0, 0, 1, 0, 1, 0, 0, 0, 0, 0, 0, 0, 1],
    [1, 0, 1, 1, 1, 0, 1, 1, 1, 1, 1, 1, 1, 0, 1],
    [1, 0, 0, 0, 1, 0, 0, 0, 1, 0, 1, 0, 0, 0, 1],
    [1, 1, 1, 0, 1, 1, 1, 0, 1, 0, 1, 0, 1, 1, 1],
    [1, 0, 1, 0, 0, 0, 1, 0, 1, 0, 1, 0, 1, 0, 1],
    [1, 0, 1, 1, 1, 0, 1, 0, 1, 0, 1, 0, 1, 0, 1],
    [1, 0, 0, 0, 0, 0, 0, 0, 1, 0, 0, 0, 0, 0, 1],
    [1, 1, 1, 1, 1, 1, 1, 1, 1, 1, 1, 1, 1, 1, 1],
])
start = (np.int64(4), np.int64(13))
goal  = (np.int64(11), np.int64(7))

------------------------------------------------------------

# 15x15 maze  start=(np.int64(1), np.int64(4))  goal=(np.int64(8), np.int64(11))
maze = np.array([
    [1, 1, 1, 1, 1, 1, 1, 1, 1, 1, 1, 1, 1, 1, 1],
    [1, 0, 0, 0, 0, 0, 0, 0, 1, 0, 1, 0, 0, 0, 1],
    [1, 1, 1, 1, 1, 1, 1, 0, 1, 0, 1, 0, 1, 0, 1],
    [1, 0, 0, 0, 0, 0, 0, 0, 1, 0, 1, 0, 1, 0, 1],
    [1, 0, 1, 1, 1, 1, 1, 1, 1, 0, 1, 0, 1, 0, 1],
    [1, 0, 0, 0, 0, 0, 0, 0, 1, 0, 0, 0, 1, 0, 1],
    [1, 1, 1, 1, 1, 1, 1, 0, 1, 0, 1, 1, 1, 0, 1],
    [1, 0, 0, 0, 0, 0, 1, 0, 1, 0, 0, 0, 1, 0, 1],
    [1, 0, 1, 0, 1, 1, 1, 0, 1, 1, 1, 0, 1, 0, 1],
    [1, 0, 1, 0, 0, 0, 0, 0, 1, 0, 0, 0, 1, 0, 1],
    [1, 0, 1, 1, 1, 1, 1, 1, 1, 1, 1, 1, 1, 0, 1],
    [1, 0, 1, 0, 0, 0, 1, 0, 0, 0, 0, 0, 0, 0, 1],
    [1, 0, 1, 0, 1, 0, 1, 1, 1, 0, 1, 1, 1, 0, 1],
    [1, 0, 0, 0, 1, 0, 0, 0, 0, 0, 1, 0, 0, 0, 1],
    [1, 1, 1, 1, 1, 1, 1, 1, 1, 1, 1, 1, 1, 1, 1],
])
start = (np.int64(1), np.int64(4))
goal  = (np.int64(8), np.int64(11))

------------------------------------------------------------

# 15x15 maze  start=(np.int64(2), np.int64(5))  goal=(np.int64(12), np.int64(13))
maze = np.array([
    [1, 1, 1, 1, 1, 1, 1, 1, 1, 1, 1, 1, 1, 1, 1],
    [1, 0, 0, 0, 0, 0, 1, 0, 0, 0, 0, 0, 0, 0, 1],
    [1, 1, 1, 1, 1, 0, 1, 1, 1, 1, 1, 0, 1, 0, 1],
    [1, 0, 0, 0, 1, 0, 0, 0, 0, 0, 1, 0, 1, 0, 1],
    [1, 0, 1, 0, 1, 1, 1, 1, 1, 0, 1, 0, 1, 1, 1],
    [1, 0, 1, 0, 0, 0, 0, 0, 0, 0, 1, 0, 0, 0, 1],
    [1, 0, 1, 1, 1, 1, 1, 1, 1, 1, 1, 1, 1, 0, 1],
    [1, 0, 1, 0, 0, 0, 0, 0, 0, 0, 0, 0, 0, 0, 1],
    [1, 0, 1, 0, 1, 1, 1, 0, 1, 1, 1, 1, 1, 0, 1],
    [1, 0, 1, 0, 0, 0, 1, 0, 1, 0, 0, 0, 0, 0, 1],
    [1, 0, 1, 1, 1, 1, 1, 0, 1, 0, 1, 1, 1, 1, 1],
    [1, 0, 1, 0, 0, 0, 1, 0, 1, 0, 0, 0, 1, 0, 1],
    [1, 0, 1, 0, 1, 0, 1, 0, 1, 1, 1, 0, 1, 0, 1],
    [1, 0, 0, 0, 1, 0, 0, 0, 1, 0, 0, 0, 0, 0, 1],
    [1, 1, 1, 1, 1, 1, 1, 1, 1, 1, 1, 1, 1, 1, 1],
])
start = (np.int64(2), np.int64(5))
goal  = (np.int64(12), np.int64(13))

------------------------------------------------------------

# 15x15 maze  start=(np.int64(1), np.int64(11))  goal=(np.int64(7), np.int64(3))
maze = np.array([
    [1, 1, 1, 1, 1, 1, 1, 1, 1, 1, 1, 1, 1, 1, 1],
    [1, 0, 0, 0, 0, 0, 1, 0, 0, 0, 0, 0, 0, 0, 1],
    [1, 1, 1, 1, 1, 0, 1, 0, 1, 1, 1, 1, 1, 0, 1],
    [1, 0, 0, 0, 1, 0, 1, 0, 1, 0, 0, 0, 0, 0, 1],
    [1, 0, 1, 0, 1, 0, 1, 1, 1, 0, 1, 1, 1, 0, 1],
    [1, 0, 1, 0, 1, 0, 0, 0, 0, 0, 1, 0, 0, 0, 1],
    [1, 0, 1, 1, 1, 1, 1, 1, 1, 1, 1, 0, 1, 1, 1],
    [1, 0, 0, 0, 1, 0, 0, 0, 0, 0, 0, 0, 1, 0, 1],
    [1, 0, 1, 0, 1, 0, 1, 1, 1, 1, 1, 1, 1, 0, 1],
    [1, 0, 1, 0, 1, 0, 1, 0, 0, 0, 0, 0, 0, 0, 1],
    [1, 0, 1, 0, 1, 0, 1, 0, 1, 1, 1, 1, 1, 0, 1],
    [1, 0, 1, 0, 0, 0, 1, 0, 0, 0, 1, 0, 0, 0, 1],
    [1, 0, 1, 1, 1, 1, 1, 1, 1, 1, 1, 0, 1, 0, 1],
    [1, 0, 0, 0, 0, 0, 0, 0, 0, 0, 0, 0, 1, 0, 1],
    [1, 1, 1, 1, 1, 1, 1, 1, 1, 1, 1, 1, 1, 1, 1],
])
start = (np.int64(1), np.int64(11))
goal  = (np.int64(7), np.int64(3))

------------------------------------------------------------

# 15x15 maze  start=(np.int64(11), np.int64(7))  goal=(np.int64(1), np.int64(6))
maze = np.array([
    [1, 1, 1, 1, 1, 1, 1, 1, 1, 1, 1, 1, 1, 1, 1],
    [1, 0, 0, 0, 1, 0, 0, 0, 0, 0, 1, 0, 0, 0, 1],
    [1, 1, 1, 0, 1, 0, 1, 1, 1, 0, 1, 1, 1, 0, 1],
    [1, 0, 1, 0, 0, 0, 1, 0, 1, 0, 1, 0, 0, 0, 1],
    [1, 0, 1, 1, 1, 1, 1, 0, 1, 0, 1, 0, 1, 0, 1],
    [1, 0, 0, 0, 1, 0, 0, 0, 0, 0, 1, 0, 1, 0, 1],
    [1, 0, 1, 0, 1, 0, 1, 1, 1, 1, 1, 0, 1, 0, 1],
    [1, 0, 1, 0, 1, 0, 0, 0, 0, 0, 1, 0, 1, 0, 1],
    [1, 0, 1, 1, 1, 1, 1, 1, 1, 0, 1, 0, 1, 1, 1],
    [1, 0, 0, 0, 0, 0, 1, 0, 1, 0, 1, 0, 0, 0, 1],
    [1, 0, 1, 0, 1, 0, 1, 0, 1, 0, 1, 1, 1, 0, 1],
    [1, 0, 1, 0, 1, 0, 0, 0, 1, 0, 1, 0, 0, 0, 1],
    [1, 0, 1, 0, 1, 1, 1, 1, 1, 0, 1, 0, 1, 0, 1],
    [1, 0, 1, 0, 0, 0, 0, 0, 0, 0, 0, 0, 1, 0, 1],
    [1, 1, 1, 1, 1, 1, 1, 1, 1, 1, 1, 1, 1, 1, 1],
])
start = (np.int64(11), np.int64(7))
goal  = (np.int64(1), np.int64(6))

------------------------------------------------------------

# 15x15 maze  start=(np.int64(13), np.int64(1))  goal=(np.int64(3), np.int64(2))
maze = np.array([
    [1, 1, 1, 1, 1, 1, 1, 1, 1, 1, 1, 1, 1, 1, 1],
    [1, 0, 1, 0, 0, 0, 0, 0, 0, 0, 0, 0, 1, 0, 1],
    [1, 0, 1, 1, 1, 1, 1, 0, 1, 0, 1, 0, 1, 0, 1],
    [1, 0, 0, 0, 0, 0, 1, 0, 1, 0, 1, 0, 0, 0, 1],
    [1, 1, 1, 1, 1, 0, 1, 1, 1, 0, 1, 1, 1, 0, 1],
    [1, 0, 1, 0, 0, 0, 1, 0, 0, 0, 1, 0, 0, 0, 1],
    [1, 0, 1, 0, 1, 1, 1, 0, 1, 1, 1, 0, 1, 1, 1],
    [1, 0, 1, 0, 1, 0, 0, 0, 1, 0, 0, 0, 1, 0, 1],
    [1, 0, 1, 0, 1, 0, 1, 1, 1, 0, 1, 1, 1, 0, 1],
    [1, 0, 1, 0, 1, 0, 1, 0, 1, 0, 1, 0, 0, 0, 1],
    [1, 0, 1, 0, 1, 0, 1, 0, 1, 0, 1, 0, 1, 0, 1],
    [1, 0, 1, 0, 1, 0, 1, 0, 0, 0, 1, 0, 1, 0, 1],
    [1, 0, 1, 0, 1, 0, 1, 0, 1, 1, 1, 1, 1, 0, 1],
    [1, 0, 0, 0, 0, 0, 1, 0, 0, 0, 0, 0, 0, 0, 1],
    [1, 1, 1, 1, 1, 1, 1, 1, 1, 1, 1, 1, 1, 1, 1],
])
start = (np.int64(13), np.int64(1))
goal  = (np.int64(3), np.int64(2))

------------------------------------------------------------

# 15x15 maze  start=(np.int64(13), np.int64(4))  goal=(np.int64(1), np.int64(3))
maze = np.array([
    [1, 1, 1, 1, 1, 1, 1, 1, 1, 1, 1, 1, 1, 1, 1],
    [1, 0, 0, 0, 1, 0, 1, 0, 0, 0, 0, 0, 0, 0, 1],
    [1, 1, 1, 0, 1, 0, 1, 0, 1, 1, 1, 1, 1, 0, 1],
    [1, 0, 0, 0, 1, 0, 0, 0, 1, 0, 0, 0, 0, 0, 1],
    [1, 0, 1, 1, 1, 1, 1, 1, 1, 0, 1, 1, 1, 0, 1],
    [1, 0, 1, 0, 0, 0, 0, 0, 0, 0, 1, 0, 1, 0, 1],
    [1, 0, 1, 0, 1, 1, 1, 1, 1, 1, 1, 0, 1, 0, 1],
    [1, 0, 1, 0, 0, 0, 0, 0, 1, 0, 1, 0, 0, 0, 1],
    [1, 0, 1, 1, 1, 1, 1, 0, 1, 0, 1, 0, 1, 1, 1],
    [1, 0, 0, 0, 0, 0, 0, 0, 1, 0, 0, 0, 1, 0, 1],
    [1, 1, 1, 1, 1, 1, 1, 1, 1, 0, 1, 1, 1, 0, 1],
    [1, 0, 0, 0, 1, 0, 0, 0, 1, 0, 0, 0, 1, 0, 1],
    [1, 0, 1, 0, 1, 0, 1, 0, 1, 1, 1, 0, 1, 0, 1],
    [1, 0, 1, 0, 0, 0, 1, 0, 0, 0, 0, 0, 0, 0, 1],
    [1, 1, 1, 1, 1, 1, 1, 1, 1, 1, 1, 1, 1, 1, 1],
])
start = (np.int64(13), np.int64(4))
goal  = (np.int64(1), np.int64(3))

------------------------------------------------------------

# 15x15 maze  start=(np.int64(4), np.int64(9))  goal=(np.int64(6), np.int64(1))
maze = np.array([
    [1, 1, 1, 1, 1, 1, 1, 1, 1, 1, 1, 1, 1, 1, 1],
    [1, 0, 0, 0, 0, 0, 1, 0, 0, 0, 0, 0, 0, 0, 1],
    [1, 1, 1, 1, 1, 0, 1, 0, 1, 1, 1, 1, 1, 0, 1],
    [1, 0, 1, 0, 0, 0, 1, 0, 1, 0, 0, 0, 0, 0, 1],
    [1, 0, 1, 0, 1, 1, 1, 1, 1, 0, 1, 1, 1, 0, 1],
    [1, 0, 1, 0, 1, 0, 0, 0, 0, 0, 1, 0, 0, 0, 1],
    [1, 0, 1, 0, 1, 0, 1, 1, 1, 1, 1, 0, 1, 1, 1],
    [1, 0, 1, 0, 1, 0, 1, 0, 0, 0, 1, 0, 1, 0, 1],
    [1, 0, 1, 0, 1, 0, 1, 0, 1, 0, 1, 0, 1, 0, 1],
    [1, 0, 1, 0, 0, 0, 1, 0, 1, 0, 1, 0, 1, 0, 1],
    [1, 0, 1, 1, 1, 1, 1, 0, 1, 0, 1, 0, 1, 0, 1],
    [1, 0, 0, 0, 1, 0, 0, 0, 1, 0, 1, 0, 1, 0, 1],
    [1, 0, 1, 0, 1, 0, 1, 1, 1, 0, 1, 0, 1, 0, 1],
    [1, 0, 1, 0, 0, 0, 0, 0, 1, 0, 0, 0, 0, 0, 1],
    [1, 1, 1, 1, 1, 1, 1, 1, 1, 1, 1, 1, 1, 1, 1],
])
start = (np.int64(4), np.int64(9))
goal  = (np.int64(6), np.int64(1))

------------------------------------------------------------

# 15x15 maze  start=(np.int64(5), np.int64(13))  goal=(np.int64(13), np.int64(8))
maze = np.array([
    [1, 1, 1, 1, 1, 1, 1, 1, 1, 1, 1, 1, 1, 1, 1],
    [1, 0, 0, 0, 0, 0, 1, 0, 0, 0, 0, 0, 0, 0, 1],
    [1, 1, 1, 1, 1, 0, 1, 1, 1, 1, 1, 0, 1, 0, 1],
    [1, 0, 0, 0, 0, 0, 1, 0, 0, 0, 0, 0, 1, 0, 1],
    [1, 0, 1, 1, 1, 1, 1, 0, 1, 1, 1, 1, 1, 0, 1],
    [1, 0, 0, 0, 1, 0, 0, 0, 1, 0, 1, 0, 0, 0, 1],
    [1, 1, 1, 0, 1, 1, 1, 0, 1, 0, 1, 0, 1, 1, 1],
    [1, 0, 1, 0, 0, 0, 0, 0, 1, 0, 1, 0, 0, 0, 1],
    [1, 0, 1, 1, 1, 1, 1, 1, 1, 0, 1, 1, 1, 0, 1],
    [1, 0, 0, 0, 0, 0, 0, 0, 1, 0, 0, 0, 0, 0, 1],
    [1, 0, 1, 1, 1, 1, 1, 0, 1, 0, 1, 1, 1, 1, 1],
    [1, 0, 0, 0, 1, 0, 1, 0, 0, 0, 1, 0, 0, 0, 1],
    [1, 1, 1, 0, 1, 0, 1, 1, 1, 1, 1, 1, 1, 0, 1],
    [1, 0, 0, 0, 0, 0, 0, 0, 0, 0, 0, 0, 0, 0, 1],
    [1, 1, 1, 1, 1, 1, 1, 1, 1, 1, 1, 1, 1, 1, 1],
])
start = (np.int64(5), np.int64(13))
goal  = (np.int64(13), np.int64(8))

------------------------------------------------------------

# 15x15 maze  start=(np.int64(11), np.int64(8))  goal=(np.int64(8), np.int64(1))
maze = np.array([
    [1, 1, 1, 1, 1, 1, 1, 1, 1, 1, 1, 1, 1, 1, 1],
    [1, 0, 1, 0, 0, 0, 0, 0, 0, 0, 1, 0, 0, 0, 1],
    [1, 0, 1, 1, 1, 0, 1, 1, 1, 1, 1, 0, 1, 0, 1],
    [1, 0, 0, 0, 1, 0, 0, 0, 0, 0, 0, 0, 1, 0, 1],
    [1, 1, 1, 0, 1, 1, 1, 1, 1, 1, 1, 1, 1, 0, 1],
    [1, 0, 1, 0, 0, 0, 0, 0, 1, 0, 0, 0, 1, 0, 1],
    [1, 0, 1, 1, 1, 1, 1, 0, 1, 0, 1, 0, 1, 0, 1],
    [1, 0, 0, 0, 0, 0, 1, 0, 0, 0, 1, 0, 1, 0, 1],
    [1, 0, 1, 1, 1, 0, 1, 1, 1, 1, 1, 0, 1, 0, 1],
    [1, 0, 1, 0, 0, 0, 0, 0, 0, 0, 1, 0, 1, 0, 1],
    [1, 0, 1, 1, 1, 1, 1, 1, 1, 1, 1, 0, 1, 0, 1],
    [1, 0, 1, 0, 0, 0, 0, 0, 0, 0, 0, 0, 1, 0, 1],
    [1, 0, 1, 0, 1, 1, 1, 1, 1, 1, 1, 1, 1, 0, 1],
    [1, 0, 0, 0, 0, 0, 0, 0, 0, 0, 0, 0, 0, 0, 1],
    [1, 1, 1, 1, 1, 1, 1, 1, 1, 1, 1, 1, 1, 1, 1],
])
start = (np.int64(11), np.int64(8))
goal  = (np.int64(8), np.int64(1))

------------------------------------------------------------

# 15x15 maze  start=(np.int64(10), np.int64(13))  goal=(np.int64(1), np.int64(4))
maze = np.array([
    [1, 1, 1, 1, 1, 1, 1, 1, 1, 1, 1, 1, 1, 1, 1],
    [1, 0, 1, 0, 0, 0, 0, 0, 0, 0, 0, 0, 0, 0, 1],
    [1, 0, 1, 1, 1, 1, 1, 1, 1, 1, 1, 0, 1, 0, 1],
    [1, 0, 0, 0, 1, 0, 0, 0, 0, 0, 1, 0, 1, 0, 1],
    [1, 1, 1, 0, 1, 0, 1, 1, 1, 0, 1, 0, 1, 0, 1],
    [1, 0, 1, 0, 0, 0, 1, 0, 1, 0, 1, 0, 1, 0, 1],
    [1, 0, 1, 1, 1, 1, 1, 0, 1, 0, 1, 1, 1, 0, 1],
    [1, 0, 0, 0, 0, 0, 0, 0, 1, 0, 0, 0, 1, 0, 1],
    [1, 0, 1, 0, 1, 1, 1, 1, 1, 1, 1, 0, 1, 0, 1],
    [1, 0, 1, 0, 1, 0, 0, 0, 0, 0, 0, 0, 1, 0, 1],
    [1, 0, 1, 0, 1, 0, 1, 1, 1, 1, 1, 1, 1, 0, 1],
    [1, 0, 1, 0, 1, 0, 0, 0, 0, 0, 1, 0, 0, 0, 1],
    [1, 0, 1, 0, 1, 1, 1, 1, 1, 0, 1, 1, 1, 0, 1],
    [1, 0, 1, 0, 0, 0, 0, 0, 0, 0, 0, 0, 0, 0, 1],
    [1, 1, 1, 1, 1, 1, 1, 1, 1, 1, 1, 1, 1, 1, 1],
])
start = (np.int64(10), np.int64(13))
goal  = (np.int64(1), np.int64(4))

------------------------------------------------------------

# 15x15 maze  start=(np.int64(9), np.int64(12))  goal=(np.int64(13), np.int64(5))
maze = np.array([
    [1, 1, 1, 1, 1, 1, 1, 1, 1, 1, 1, 1, 1, 1, 1],
    [1, 0, 0, 0, 0, 0, 0, 0, 0, 0, 1, 0, 0, 0, 1],
    [1, 1, 1, 1, 1, 1, 1, 1, 1, 0, 1, 0, 1, 0, 1],
    [1, 0, 0, 0, 1, 0, 0, 0, 0, 0, 1, 0, 1, 0, 1],
    [1, 0, 1, 0, 1, 0, 1, 1, 1, 1, 1, 0, 1, 1, 1],
    [1, 0, 1, 0, 1, 0, 0, 0, 1, 0, 1, 0, 0, 0, 1],
    [1, 0, 1, 1, 1, 1, 1, 0, 1, 0, 1, 0, 1, 0, 1],
    [1, 0, 0, 0, 0, 0, 0, 0, 1, 0, 0, 0, 1, 0, 1],
    [1, 0, 1, 1, 1, 1, 1, 1, 1, 1, 1, 1, 1, 0, 1],
    [1, 0, 0, 0, 0, 0, 0, 0, 0, 0, 0, 0, 0, 0, 1],
    [1, 1, 1, 1, 1, 1, 1, 1, 1, 1, 1, 1, 1, 0, 1],
    [1, 0, 0, 0, 0, 0, 0, 0, 0, 0, 0, 0, 0, 0, 1],
    [1, 0, 1, 1, 1, 1, 1, 1, 1, 1, 1, 1, 1, 1, 1],
    [1, 0, 0, 0, 0, 0, 0, 0, 0, 0, 0, 0, 0, 0, 1],
    [1, 1, 1, 1, 1, 1, 1, 1, 1, 1, 1, 1, 1, 1, 1],
])
start = (np.int64(9), np.int64(12))
goal  = (np.int64(13), np.int64(5))

------------------------------------------------------------

# 15x15 maze  start=(np.int64(7), np.int64(11))  goal=(np.int64(3), np.int64(1))
maze = np.array([
    [1, 1, 1, 1, 1, 1, 1, 1, 1, 1, 1, 1, 1, 1, 1],
    [1, 0, 1, 0, 0, 0, 0, 0, 0, 0, 0, 0, 0, 0, 1],
    [1, 0, 1, 1, 1, 1, 1, 0, 1, 1, 1, 1, 1, 0, 1],
    [1, 0, 0, 0, 0, 0, 1, 0, 0, 0, 1, 0, 0, 0, 1],
    [1, 1, 1, 1, 1, 0, 1, 1, 1, 0, 1, 1, 1, 0, 1],
    [1, 0, 0, 0, 1, 0, 0, 0, 1, 0, 0, 0, 1, 0, 1],
    [1, 0, 1, 0, 1, 1, 1, 0, 1, 1, 1, 0, 1, 0, 1],
    [1, 0, 1, 0, 0, 0, 1, 0, 0, 0, 1, 0, 1, 0, 1],
    [1, 0, 1, 0, 1, 1, 1, 1, 1, 0, 1, 0, 1, 1, 1],
    [1, 0, 1, 0, 1, 0, 0, 0, 0, 0, 1, 0, 0, 0, 1],
    [1, 0, 1, 1, 1, 0, 1, 1, 1, 1, 1, 1, 1, 0, 1],
    [1, 0, 0, 0, 1, 0, 0, 0, 1, 0, 0, 0, 0, 0, 1],
    [1, 0, 1, 0, 1, 1, 1, 0, 1, 1, 1, 0, 1, 0, 1],
    [1, 0, 1, 0, 0, 0, 0, 0, 0, 0, 0, 0, 1, 0, 1],
    [1, 1, 1, 1, 1, 1, 1, 1, 1, 1, 1, 1, 1, 1, 1],
])
start = (np.int64(7), np.int64(11))
goal  = (np.int64(3), np.int64(1))

------------------------------------------------------------

# 11x11 maze  start=(np.int64(3), np.int64(7))  goal=(np.int64(6), np.int64(3))
maze = np.array([
    [1, 1, 1, 1, 1, 1, 1, 1, 1, 1, 1],
    [1, 0, 1, 0, 0, 0, 0, 0, 1, 0, 1],
    [1, 0, 1, 0, 1, 1, 1, 0, 1, 0, 1],
    [1, 0, 0, 0, 1, 0, 1, 0, 1, 0, 1],
    [1, 1, 1, 1, 1, 0, 1, 0, 1, 0, 1],
    [1, 0, 1, 0, 0, 0, 1, 0, 0, 0, 1],
    [1, 0, 1, 0, 1, 0, 1, 1, 1, 0, 1],
    [1, 0, 0, 0, 1, 0, 1, 0, 0, 0, 1],
    [1, 0, 1, 1, 1, 0, 1, 0, 1, 1, 1],
    [1, 0, 0, 0, 1, 0, 0, 0, 0, 0, 1],
    [1, 1, 1, 1, 1, 1, 1, 1, 1, 1, 1],
])
start = (np.int64(3), np.int64(7))
goal  = (np.int64(6), np.int64(3))

------------------------------------------------------------

# 11x11 maze  start=(np.int64(7), np.int64(9))  goal=(np.int64(9), np.int64(4))
maze = np.array([
    [1, 1, 1, 1, 1, 1, 1, 1, 1, 1, 1],
    [1, 0, 0, 0, 1, 0, 0, 0, 0, 0, 1],
    [1, 1, 1, 0, 1, 1, 1, 1, 1, 0, 1],
    [1, 0, 0, 0, 1, 0, 0, 0, 0, 0, 1],
    [1, 0, 1, 1, 1, 0, 1, 1, 1, 0, 1],
    [1, 0, 1, 0, 0, 0, 1, 0, 0, 0, 1],
    [1, 0, 1, 0, 1, 1, 1, 0, 1, 1, 1],
    [1, 0, 0, 0, 1, 0, 1, 0, 1, 0, 1],
    [1, 1, 1, 1, 1, 0, 1, 0, 1, 0, 1],
    [1, 0, 0, 0, 0, 0, 0, 0, 0, 0, 1],
    [1, 1, 1, 1, 1, 1, 1, 1, 1, 1, 1],
])
start = (np.int64(7), np.int64(9))
goal  = (np.int64(9), np.int64(4))

------------------------------------------------------------

# 11x11 maze  start=(np.int64(3), np.int64(7))  goal=(np.int64(4), np.int64(1))
maze = np.array([
    [1, 1, 1, 1, 1, 1, 1, 1, 1, 1, 1],
    [1, 0, 0, 0, 1, 0, 0, 0, 0, 0, 1],
    [1, 1, 1, 0, 1, 0, 1, 0, 1, 1, 1],
    [1, 0, 0, 0, 1, 0, 1, 0, 0, 0, 1],
    [1, 0, 1, 1, 1, 1, 1, 1, 1, 0, 1],
    [1, 0, 0, 0, 0, 0, 0, 0, 0, 0, 1],
    [1, 1, 1, 1, 1, 1, 1, 1, 1, 0, 1],
    [1, 0, 1, 0, 0, 0, 0, 0, 1, 0, 1],
    [1, 0, 1, 0, 1, 0, 1, 1, 1, 0, 1],
    [1, 0, 0, 0, 1, 0, 0, 0, 0, 0, 1],
    [1, 1, 1, 1, 1, 1, 1, 1, 1, 1, 1],
])
start = (np.int64(3), np.int64(7))
goal  = (np.int64(4), np.int64(1))

------------------------------------------------------------

# 11x11 maze  start=(np.int64(9), np.int64(5))  goal=(np.int64(1), np.int64(8))
maze = np.array([
    [1, 1, 1, 1, 1, 1, 1, 1, 1, 1, 1],
    [1, 0, 0, 0, 1, 0, 0, 0, 0, 0, 1],
    [1, 1, 1, 0, 1, 1, 1, 0, 1, 0, 1],
    [1, 0, 1, 0, 0, 0, 1, 0, 1, 0, 1],
    [1, 0, 1, 1, 1, 0, 1, 1, 1, 0, 1],
    [1, 0, 0, 0, 1, 0, 0, 0, 0, 0, 1],
    [1, 1, 1, 0, 1, 1, 1, 1, 1, 0, 1],
    [1, 0, 0, 0, 0, 0, 1, 0, 0, 0, 1],
    [1, 0, 1, 1, 1, 1, 1, 0, 1, 1, 1],
    [1, 0, 0, 0, 0, 0, 0, 0, 0, 0, 1],
    [1, 1, 1, 1, 1, 1, 1, 1, 1, 1, 1],
])
start = (np.int64(9), np.int64(5))
goal  = (np.int64(1), np.int64(8))

------------------------------------------------------------

# 11x11 maze  start=(np.int64(7), np.int64(8))  goal=(np.int64(3), np.int64(3))
maze = np.array([
    [1, 1, 1, 1, 1, 1, 1, 1, 1, 1, 1],
    [1, 0, 1, 0, 0, 0, 0, 0, 1, 0, 1],
    [1, 0, 1, 1, 1, 0, 1, 0, 1, 0, 1],
    [1, 0, 0, 0, 0, 0, 1, 0, 0, 0, 1],
    [1, 1, 1, 1, 1, 1, 1, 1, 1, 0, 1],
    [1, 0, 0, 0, 0, 0, 0, 0, 0, 0, 1],
    [1, 0, 1, 1, 1, 1, 1, 1, 1, 1, 1],
    [1, 0, 0, 0, 1, 0, 0, 0, 0, 0, 1],
    [1, 1, 1, 0, 1, 0, 1, 1, 1, 0, 1],
    [1, 0, 0, 0, 0, 0, 1, 0, 0, 0, 1],
    [1, 1, 1, 1, 1, 1, 1, 1, 1, 1, 1],
])
start = (np.int64(7), np.int64(8))
goal  = (np.int64(3), np.int64(3))

------------------------------------------------------------

# 11x11 maze  start=(np.int64(9), np.int64(1))  goal=(np.int64(7), np.int64(9))
maze = np.array([
    [1, 1, 1, 1, 1, 1, 1, 1, 1, 1, 1],
    [1, 0, 1, 0, 0, 0, 0, 0, 0, 0, 1],
    [1, 0, 1, 0, 1, 1, 1, 1, 1, 0, 1],
    [1, 0, 0, 0, 1, 0, 0, 0, 1, 0, 1],
    [1, 1, 1, 1, 1, 0, 1, 1, 1, 0, 1],
    [1, 0, 0, 0, 0, 0, 0, 0, 0, 0, 1],
    [1, 0, 1, 1, 1, 1, 1, 1, 1, 1, 1],
    [1, 0, 0, 0, 1, 0, 0, 0, 1, 0, 1],
    [1, 1, 1, 0, 1, 0, 1, 0, 1, 0, 1],
    [1, 0, 0, 0, 0, 0, 1, 0, 0, 0, 1],
    [1, 1, 1, 1, 1, 1, 1, 1, 1, 1, 1],
])
start = (np.int64(9), np.int64(1))
goal  = (np.int64(7), np.int64(9))

------------------------------------------------------------

# 11x11 maze  start=(np.int64(9), np.int64(9))  goal=(np.int64(3), np.int64(3))
maze = np.array([
    [1, 1, 1, 1, 1, 1, 1, 1, 1, 1, 1],
    [1, 0, 1, 0, 0, 0, 0, 0, 0, 0, 1],
    [1, 0, 1, 1, 1, 0, 1, 0, 1, 0, 1],
    [1, 0, 0, 0, 1, 0, 1, 0, 1, 0, 1],
    [1, 1, 1, 0, 1, 0, 1, 0, 1, 1, 1],
    [1, 0, 1, 0, 1, 0, 1, 0, 0, 0, 1],
    [1, 0, 1, 0, 1, 0, 1, 1, 1, 0, 1],
    [1, 0, 0, 0, 1, 0, 0, 0, 1, 0, 1],
    [1, 0, 1, 1, 1, 1, 1, 1, 1, 0, 1],
    [1, 0, 0, 0, 0, 0, 0, 0, 0, 0, 1],
    [1, 1, 1, 1, 1, 1, 1, 1, 1, 1, 1],
])
start = (np.int64(9), np.int64(9))
goal  = (np.int64(3), np.int64(3))

------------------------------------------------------------

# 11x11 maze  start=(np.int64(3), np.int64(5))  goal=(np.int64(7), np.int64(3))
maze = np.array([
    [1, 1, 1, 1, 1, 1, 1, 1, 1, 1, 1],
    [1, 0, 1, 0, 0, 0, 0, 0, 0, 0, 1],
    [1, 0, 1, 1, 1, 1, 1, 1, 1, 0, 1],
    [1, 0, 0, 0, 0, 0, 0, 0, 1, 0, 1],
    [1, 1, 1, 1, 1, 1, 1, 0, 1, 0, 1],
    [1, 0, 0, 0, 0, 0, 0, 0, 1, 0, 1],
    [1, 0, 1, 1, 1, 1, 1, 1, 1, 0, 1],
    [1, 0, 0, 0, 0, 0, 0, 0, 1, 0, 1],
    [1, 1, 1, 1, 1, 1, 1, 0, 1, 0, 1],
    [1, 0, 0, 0, 0, 0, 0, 0, 0, 0, 1],
    [1, 1, 1, 1, 1, 1, 1, 1, 1, 1, 1],
])
start = (np.int64(3), np.int64(5))
goal  = (np.int64(7), np.int64(3))

------------------------------------------------------------

# 11x11 maze  start=(np.int64(7), np.int64(3))  goal=(np.int64(9), np.int64(7))
maze = np.array([
    [1, 1, 1, 1, 1, 1, 1, 1, 1, 1, 1],
    [1, 0, 1, 0, 0, 0, 0, 0, 1, 0, 1],
    [1, 0, 1, 1, 1, 0, 1, 0, 1, 0, 1],
    [1, 0, 0, 0, 0, 0, 1, 0, 1, 0, 1],
    [1, 1, 1, 1, 1, 1, 1, 0, 1, 0, 1],
    [1, 0, 0, 0, 0, 0, 0, 0, 1, 0, 1],
    [1, 0, 1, 1, 1, 1, 1, 1, 1, 0, 1],
    [1, 0, 0, 0, 0, 0, 0, 0, 0, 0, 1],
    [1, 1, 1, 1, 1, 1, 1, 1, 1, 0, 1],
    [1, 0, 0, 0, 0, 0, 0, 0, 0, 0, 1],
    [1, 1, 1, 1, 1, 1, 1, 1, 1, 1, 1],
])
start = (np.int64(7), np.int64(3))
goal  = (np.int64(9), np.int64(7))

------------------------------------------------------------

# 11x11 maze  start=(np.int64(3), np.int64(5))  goal=(np.int64(7), np.int64(3))
maze = np.array([
    [1, 1, 1, 1, 1, 1, 1, 1, 1, 1, 1],
    [1, 0, 1, 0, 0, 0, 0, 0, 1, 0, 1],
    [1, 0, 1, 1, 1, 0, 1, 0, 1, 0, 1],
    [1, 0, 0, 0, 1, 0, 1, 0, 0, 0, 1],
    [1, 1, 1, 0, 1, 0, 1, 1, 1, 0, 1],
    [1, 0, 1, 0, 0, 0, 1, 0, 1, 0, 1],
    [1, 0, 1, 1, 1, 1, 1, 0, 1, 0, 1],
    [1, 0, 0, 0, 0, 0, 0, 0, 1, 0, 1],
    [1, 0, 1, 0, 1, 1, 1, 1, 1, 0, 1],
    [1, 0, 1, 0, 0, 0, 0, 0, 0, 0, 1],
    [1, 1, 1, 1, 1, 1, 1, 1, 1, 1, 1],
])
start = (np.int64(3), np.int64(5))
goal  = (np.int64(7), np.int64(3))

------------------------------------------------------------

# 11x11 maze  start=(np.int64(2), np.int64(9))  goal=(np.int64(6), np.int64(1))
maze = np.array([
    [1, 1, 1, 1, 1, 1, 1, 1, 1, 1, 1],
    [1, 0, 1, 0, 0, 0, 0, 0, 0, 0, 1],
    [1, 0, 1, 1, 1, 0, 1, 1, 1, 0, 1],
    [1, 0, 0, 0, 1, 0, 1, 0, 0, 0, 1],
    [1, 1, 1, 0, 1, 1, 1, 0, 1, 0, 1],
    [1, 0, 1, 0, 0, 0, 1, 0, 1, 0, 1],
    [1, 0, 1, 1, 1, 0, 1, 0, 1, 0, 1],
    [1, 0, 1, 0, 0, 0, 1, 0, 1, 0, 1],
    [1, 0, 1, 0, 1, 1, 1, 0, 1, 0, 1],
    [1, 0, 0, 0, 0, 0, 0, 0, 1, 0, 1],
    [1, 1, 1, 1, 1, 1, 1, 1, 1, 1, 1],
])
start = (np.int64(2), np.int64(9))
goal  = (np.int64(6), np.int64(1))

------------------------------------------------------------

# 11x11 maze  start=(np.int64(1), np.int64(7))  goal=(np.int64(3), np.int64(3))
maze = np.array([
    [1, 1, 1, 1, 1, 1, 1, 1, 1, 1, 1],
    [1, 0, 1, 0, 1, 0, 0, 0, 0, 0, 1],
    [1, 0, 1, 0, 1, 0, 1, 1, 1, 0, 1],
    [1, 0, 1, 0, 0, 0, 1, 0, 0, 0, 1],
    [1, 0, 1, 1, 1, 1, 1, 0, 1, 0, 1],
    [1, 0, 0, 0, 0, 0, 0, 0, 1, 0, 1],
    [1, 1, 1, 1, 1, 1, 1, 1, 1, 0, 1],
    [1, 0, 0, 0, 0, 0, 1, 0, 0, 0, 1],
    [1, 0, 1, 1, 1, 0, 1, 0, 1, 1, 1],
    [1, 0, 0, 0, 1, 0, 0, 0, 0, 0, 1],
    [1, 1, 1, 1, 1, 1, 1, 1, 1, 1, 1],
])
start = (np.int64(1), np.int64(7))
goal  = (np.int64(3), np.int64(3))

------------------------------------------------------------

# 11x11 maze  start=(np.int64(5), np.int64(1))  goal=(np.int64(3), np.int64(9))
maze = np.array([
    [1, 1, 1, 1, 1, 1, 1, 1, 1, 1, 1],
    [1, 0, 0, 0, 0, 0, 0, 0, 0, 0, 1],
    [1, 1, 1, 1, 1, 1, 1, 1, 1, 0, 1],
    [1, 0, 0, 0, 1, 0, 0, 0, 0, 0, 1],
    [1, 0, 1, 1, 1, 0, 1, 1, 1, 1, 1],
    [1, 0, 1, 0, 0, 0, 1, 0, 0, 0, 1],
    [1, 0, 1, 0, 1, 1, 1, 1, 1, 0, 1],
    [1, 0, 1, 0, 0, 0, 1, 0, 0, 0, 1],
    [1, 0, 1, 1, 1, 0, 1, 0, 1, 0, 1],
    [1, 0, 0, 0, 0, 0, 0, 0, 1, 0, 1],
    [1, 1, 1, 1, 1, 1, 1, 1, 1, 1, 1],
])
start = (np.int64(5), np.int64(1))
goal  = (np.int64(3), np.int64(9))

------------------------------------------------------------

# 11x11 maze  start=(np.int64(1), np.int64(1))  goal=(np.int64(5), np.int64(9))
maze = np.array([
    [1, 1, 1, 1, 1, 1, 1, 1, 1, 1, 1],
    [1, 0, 0, 0, 0, 0, 1, 0, 0, 0, 1],
    [1, 1, 1, 1, 1, 0, 1, 0, 1, 0, 1],
    [1, 0, 0, 0, 1, 0, 1, 0, 1, 0, 1],
    [1, 1, 1, 0, 1, 0, 1, 1, 1, 0, 1],
    [1, 0, 0, 0, 1, 0, 0, 0, 0, 0, 1],
    [1, 0, 1, 1, 1, 1, 1, 1, 1, 0, 1],
    [1, 0, 1, 0, 0, 0, 1, 0, 0, 0, 1],
    [1, 0, 1, 0, 1, 0, 1, 0, 1, 1, 1],
    [1, 0, 0, 0, 1, 0, 0, 0, 0, 0, 1],
    [1, 1, 1, 1, 1, 1, 1, 1, 1, 1, 1],
])
start = (np.int64(1), np.int64(1))
goal  = (np.int64(5), np.int64(9))

------------------------------------------------------------

# 11x11 maze  start=(np.int64(7), np.int64(1))  goal=(np.int64(7), np.int64(9))
maze = np.array([
    [1, 1, 1, 1, 1, 1, 1, 1, 1, 1, 1],
    [1, 0, 0, 0, 0, 0, 0, 0, 0, 0, 1],
    [1, 1, 1, 1, 1, 1, 1, 1, 1, 0, 1],
    [1, 0, 0, 0, 0, 0, 0, 0, 1, 0, 1],
    [1, 0, 1, 0, 1, 1, 1, 1, 1, 0, 1],
    [1, 0, 1, 0, 0, 0, 0, 0, 0, 0, 1],
    [1, 0, 1, 1, 1, 1, 1, 1, 1, 1, 1],
    [1, 0, 0, 0, 0, 0, 0, 0, 0, 0, 1],
    [1, 1, 1, 1, 1, 1, 1, 1, 1, 0, 1],
    [1, 0, 0, 0, 0, 0, 0, 0, 0, 0, 1],
    [1, 1, 1, 1, 1, 1, 1, 1, 1, 1, 1],
])
start = (np.int64(7), np.int64(1))
goal  = (np.int64(7), np.int64(9))

------------------------------------------------------------

# 11x11 maze  start=(np.int64(7), np.int64(1))  goal=(np.int64(3), np.int64(7))
maze = np.array([
    [1, 1, 1, 1, 1, 1, 1, 1, 1, 1, 1],
    [1, 0, 1, 0, 0, 0, 0, 0, 0, 0, 1],
    [1, 0, 1, 1, 1, 1, 1, 1, 1, 0, 1],
    [1, 0, 0, 0, 0, 0, 1, 0, 0, 0, 1],
    [1, 1, 1, 1, 1, 0, 1, 0, 1, 0, 1],
    [1, 0, 0, 0, 1, 0, 1, 0, 1, 0, 1],
    [1, 0, 1, 1, 1, 0, 1, 0, 1, 0, 1],
    [1, 0, 0, 0, 0, 0, 1, 0, 1, 0, 1],
    [1, 0, 1, 1, 1, 1, 1, 0, 1, 0, 1],
    [1, 0, 0, 0, 0, 0, 0, 0, 1, 0, 1],
    [1, 1, 1, 1, 1, 1, 1, 1, 1, 1, 1],
])
start = (np.int64(7), np.int64(1))
goal  = (np.int64(3), np.int64(7))

------------------------------------------------------------

# 11x11 maze  start=(np.int64(7), np.int64(9))  goal=(np.int64(1), np.int64(8))
maze = np.array([
    [1, 1, 1, 1, 1, 1, 1, 1, 1, 1, 1],
    [1, 0, 0, 0, 1, 0, 0, 0, 0, 0, 1],
    [1, 1, 1, 0, 1, 0, 1, 0, 1, 1, 1],
    [1, 0, 1, 0, 1, 0, 1, 0, 0, 0, 1],
    [1, 0, 1, 0, 1, 0, 1, 1, 1, 0, 1],
    [1, 0, 1, 0, 1, 0, 0, 0, 1, 0, 1],
    [1, 0, 1, 0, 1, 1, 1, 0, 1, 0, 1],
    [1, 0, 1, 0, 0, 0, 1, 0, 1, 0, 1],
    [1, 0, 1, 1, 1, 0, 1, 1, 1, 0, 1],
    [1, 0, 0, 0, 0, 0, 0, 0, 0, 0, 1],
    [1, 1, 1, 1, 1, 1, 1, 1, 1, 1, 1],
])
start = (np.int64(7), np.int64(9))
goal  = (np.int64(1), np.int64(8))

------------------------------------------------------------

# 11x11 maze  start=(np.int64(5), np.int64(6))  goal=(np.int64(9), np.int64(9))
maze = np.array([
    [1, 1, 1, 1, 1, 1, 1, 1, 1, 1, 1],
    [1, 0, 1, 0, 0, 0, 0, 0, 0, 0, 1],
    [1, 0, 1, 1, 1, 0, 1, 0, 1, 0, 1],
    [1, 0, 0, 0, 1, 0, 1, 0, 1, 0, 1],
    [1, 1, 1, 0, 1, 1, 1, 0, 1, 0, 1],
    [1, 0, 0, 0, 1, 0, 0, 0, 1, 0, 1],
    [1, 0, 1, 1, 1, 0, 1, 1, 1, 0, 1],
    [1, 0, 1, 0, 0, 0, 1, 0, 1, 0, 1],
    [1, 0, 1, 0, 1, 1, 1, 0, 1, 0, 1],
    [1, 0, 0, 0, 1, 0, 0, 0, 0, 0, 1],
    [1, 1, 1, 1, 1, 1, 1, 1, 1, 1, 1],
])
start = (np.int64(5), np.int64(6))
goal  = (np.int64(9), np.int64(9))

------------------------------------------------------------

# 11x11 maze  start=(np.int64(1), np.int64(7))  goal=(np.int64(7), np.int64(4))
maze = np.array([
    [1, 1, 1, 1, 1, 1, 1, 1, 1, 1, 1],
    [1, 0, 0, 0, 1, 0, 0, 0, 0, 0, 1],
    [1, 1, 1, 0, 1, 1, 1, 0, 1, 0, 1],
    [1, 0, 1, 0, 0, 0, 1, 0, 1, 0, 1],
    [1, 0, 1, 1, 1, 0, 1, 0, 1, 1, 1],
    [1, 0, 0, 0, 1, 0, 1, 0, 0, 0, 1],
    [1, 0, 1, 1, 1, 0, 1, 0, 1, 0, 1],
    [1, 0, 1, 0, 0, 0, 1, 0, 1, 0, 1],
    [1, 0, 1, 0, 1, 1, 1, 1, 1, 0, 1],
    [1, 0, 0, 0, 0, 0, 0, 0, 0, 0, 1],
    [1, 1, 1, 1, 1, 1, 1, 1, 1, 1, 1],
])
start = (np.int64(1), np.int64(7))
goal  = (np.int64(7), np.int64(4))

------------------------------------------------------------

# 11x11 maze  start=(np.int64(7), np.int64(7))  goal=(np.int64(2), np.int64(1))
maze = np.array([
    [1, 1, 1, 1, 1, 1, 1, 1, 1, 1, 1],
    [1, 0, 1, 0, 0, 0, 0, 0, 0, 0, 1],
    [1, 0, 1, 0, 1, 1, 1, 0, 1, 0, 1],
    [1, 0, 1, 0, 1, 0, 0, 0, 1, 0, 1],
    [1, 0, 1, 1, 1, 0, 1, 1, 1, 1, 1],
    [1, 0, 0, 0, 1, 0, 0, 0, 0, 0, 1],
    [1, 1, 1, 0, 1, 1, 1, 1, 1, 0, 1],
    [1, 0, 0, 0, 1, 0, 0, 0, 0, 0, 1],
    [1, 0, 1, 1, 1, 0, 1, 1, 1, 0, 1],
    [1, 0, 0, 0, 0, 0, 1, 0, 0, 0, 1],
    [1, 1, 1, 1, 1, 1, 1, 1, 1, 1, 1],
])
start = (np.int64(7), np.int64(7))
goal  = (np.int64(2), np.int64(1))

------------------------------------------------------------

# 49x49 maze  start=(np.int64(37), np.int64(25))  goal=(np.int64(7), np.int64(34))
maze = np.array([
    [1, 1, 1, 1, 1, 1, 1, 1, 1, 1, 1, 1, 1, 1, 1, 1, 1, 1, 1, 1, 1, 1, 1, 1, 1, 1, 1, 1, 1, 1, 1, 1, 1, 1, 1, 1, 1, 1, 1, 1, 1, 1, 1, 1, 1, 1, 1, 1, 1],
    [1, 0, 1, 0, 0, 0, 0, 0, 0, 0, 0, 0, 0, 0, 1, 0, 0, 0, 1, 0, 0, 0, 0, 0, 0, 0, 0, 0, 0, 0, 0, 0, 0, 0, 0, 0, 0, 0, 1, 0, 0, 0, 0, 0, 0, 0, 0, 0, 1],
    [1, 0, 1, 1, 1, 1, 1, 1, 1, 0, 1, 1, 1, 1, 1, 0, 1, 0, 1, 0, 1, 1, 1, 0, 1, 1, 1, 1, 1, 1, 1, 0, 1, 1, 1, 1, 1, 0, 1, 0, 1, 0, 1, 1, 1, 1, 1, 0, 1],
    [1, 0, 0, 0, 0, 0, 0, 0, 1, 0, 0, 0, 0, 0, 0, 0, 1, 0, 1, 0, 0, 0, 1, 0, 0, 0, 1, 0, 0, 0, 1, 0, 1, 0, 0, 0, 1, 0, 1, 0, 1, 0, 0, 0, 0, 0, 1, 0, 1],
    [1, 1, 1, 1, 1, 1, 1, 0, 1, 1, 1, 1, 1, 1, 1, 0, 1, 0, 1, 1, 1, 0, 1, 1, 1, 0, 1, 0, 1, 0, 1, 1, 1, 0, 1, 0, 1, 1, 1, 0, 1, 1, 1, 1, 1, 0, 1, 0, 1],
    [1, 0, 0, 0, 0, 0, 1, 0, 0, 0, 1, 0, 0, 0, 1, 0, 1, 0, 0, 0, 1, 0, 0, 0, 1, 0, 0, 0, 1, 0, 0, 0, 0, 0, 1, 0, 0, 0, 0, 0, 0, 0, 1, 0, 1, 0, 1, 0, 1],
    [1, 0, 1, 1, 1, 1, 1, 1, 1, 0, 1, 0, 1, 0, 1, 1, 1, 0, 1, 0, 1, 1, 1, 0, 1, 1, 1, 1, 1, 1, 1, 1, 1, 1, 1, 1, 1, 1, 1, 1, 1, 0, 1, 0, 1, 0, 1, 1, 1],
    [1, 0, 0, 0, 0, 0, 0, 0, 1, 0, 1, 0, 1, 0, 0, 0, 1, 0, 1, 0, 0, 0, 0, 0, 0, 0, 1, 0, 1, 0, 0, 0, 0, 0, 0, 0, 1, 0, 0, 0, 1, 0, 0, 0, 1, 0, 0, 0, 1],
    [1, 0, 1, 1, 1, 1, 1, 0, 1, 0, 1, 0, 1, 1, 1, 0, 1, 1, 1, 1, 1, 1, 1, 1, 1, 0, 1, 0, 1, 0, 1, 1, 1, 1, 1, 0, 1, 0, 1, 0, 1, 1, 1, 0, 1, 1, 1, 0, 1],
    [1, 0, 0, 0, 1, 0, 0, 0, 1, 0, 0, 0, 1, 0, 1, 0, 0, 0, 0, 0, 0, 0, 0, 0, 1, 0, 0, 0, 1, 0, 0, 0, 1, 0, 1, 0, 0, 0, 1, 0, 0, 0, 1, 0, 1, 0, 1, 0, 1],
    [1, 1, 1, 1, 1, 0, 1, 0, 1, 1, 1, 1, 1, 0, 1, 1, 1, 1, 1, 1, 1, 1, 1, 0, 1, 1, 1, 0, 1, 1, 1, 0, 1, 0, 1, 1, 1, 1, 1, 1, 1, 0, 1, 0, 1, 0, 1, 0, 1],
    [1, 0, 0, 0, 0, 0, 1, 0, 1, 0, 0, 0, 0, 0, 1, 0, 0, 0, 0, 0, 0, 0, 1, 0, 0, 0, 1, 0, 1, 0, 0, 0, 1, 0, 0, 0, 1, 0, 0, 0, 0, 0, 1, 0, 0, 0, 1, 0, 1],
    [1, 0, 1, 0, 1, 1, 1, 1, 1, 0, 1, 1, 1, 0, 1, 0, 1, 1, 1, 0, 1, 0, 1, 1, 1, 0, 1, 0, 1, 0, 1, 1, 1, 0, 1, 1, 1, 0, 1, 1, 1, 1, 1, 1, 1, 1, 1, 0, 1],
    [1, 0, 1, 0, 1, 0, 0, 0, 0, 0, 1, 0, 1, 0, 1, 0, 0, 0, 1, 0, 1, 0, 0, 0, 1, 0, 1, 0, 1, 0, 1, 0, 1, 0, 0, 0, 0, 0, 1, 0, 0, 0, 0, 0, 0, 0, 1, 0, 1],
    [1, 0, 1, 1, 1, 0, 1, 1, 1, 1, 1, 0, 1, 0, 1, 0, 1, 1, 1, 0, 1, 1, 1, 0, 1, 0, 1, 1, 1, 0, 1, 0, 1, 0, 1, 1, 1, 1, 1, 1, 1, 0, 1, 1, 1, 0, 1, 0, 1],
    [1, 0, 0, 0, 1, 0, 1, 0, 1, 0, 0, 0, 1, 0, 0, 0, 1, 0, 0, 0, 1, 0, 0, 0, 1, 0, 0, 0, 0, 0, 1, 0, 1, 0, 1, 0, 0, 0, 1, 0, 0, 0, 1, 0, 0, 0, 0, 0, 1],
    [1, 0, 1, 0, 1, 0, 1, 0, 1, 0, 1, 0, 1, 1, 1, 1, 1, 0, 1, 1, 1, 1, 1, 1, 1, 1, 1, 1, 1, 1, 1, 0, 1, 0, 1, 0, 1, 0, 1, 0, 1, 1, 1, 1, 1, 1, 1, 0, 1],
    [1, 0, 1, 0, 1, 0, 1, 0, 1, 0, 1, 0, 0, 0, 0, 0, 1, 0, 0, 0, 0, 0, 0, 0, 0, 0, 0, 0, 0, 0, 0, 0, 1, 0, 1, 0, 1, 0, 1, 0, 1, 0, 0, 0, 0, 0, 1, 0, 1],
    [1, 1, 1, 0, 1, 0, 1, 0, 1, 0, 1, 0, 1, 1, 1, 1, 1, 1, 1, 1, 1, 1, 1, 1, 1, 0, 1, 0, 1, 1, 1, 1, 1, 0, 1, 0, 1, 0, 1, 0, 1, 0, 1, 1, 1, 0, 1, 1, 1],
    [1, 0, 0, 0, 1, 0, 1, 0, 0, 0, 1, 0, 0, 0, 0, 0, 0, 0, 0, 0, 0, 0, 1, 0, 0, 0, 1, 0, 1, 0, 0, 0, 0, 0, 1, 0, 1, 0, 1, 0, 0, 0, 0, 0, 1, 0, 0, 0, 1],
    [1, 0, 1, 1, 1, 0, 1, 0, 1, 1, 1, 1, 1, 1, 1, 0, 1, 0, 1, 1, 1, 1, 1, 0, 1, 1, 1, 0, 1, 0, 1, 1, 1, 1, 1, 0, 1, 0, 1, 1, 1, 1, 1, 0, 1, 1, 1, 0, 1],
    [1, 0, 1, 0, 0, 0, 1, 0, 0, 0, 1, 0, 0, 0, 0, 0, 1, 0, 1, 0, 0, 0, 0, 0, 1, 0, 0, 0, 1, 0, 0, 0, 1, 0, 0, 0, 1, 0, 0, 0, 0, 0, 1, 0, 1, 0, 0, 0, 1],
    [1, 0, 1, 0, 1, 1, 1, 1, 1, 0, 1, 0, 1, 1, 1, 1, 1, 1, 1, 0, 1, 1, 1, 1, 1, 1, 1, 1, 1, 1, 1, 0, 1, 0, 1, 1, 1, 1, 1, 1, 1, 0, 1, 1, 1, 0, 1, 0, 1],
    [1, 0, 1, 0, 0, 0, 0, 0, 1, 0, 1, 0, 0, 0, 0, 0, 0, 0, 1, 0, 0, 0, 1, 0, 0, 0, 0, 0, 0, 0, 1, 0, 1, 0, 0, 0, 0, 0, 1, 0, 1, 0, 0, 0, 0, 0, 1, 0, 1],
    [1, 0, 1, 1, 1, 1, 1, 0, 1, 1, 1, 0, 1, 1, 1, 1, 1, 0, 1, 1, 1, 0, 1, 0, 1, 1, 1, 0, 1, 1, 1, 0, 1, 0, 1, 1, 1, 0, 1, 0, 1, 1, 1, 1, 1, 1, 1, 0, 1],
    [1, 0, 0, 0, 0, 0, 1, 0, 0, 0, 1, 0, 1, 0, 0, 0, 0, 0, 0, 0, 1, 0, 0, 0, 0, 0, 1, 0, 0, 0, 1, 0, 1, 0, 0, 0, 1, 0, 1, 0, 0, 0, 0, 0, 1, 0, 0, 0, 1],
    [1, 0, 1, 1, 1, 1, 1, 1, 1, 0, 1, 1, 1, 0, 1, 1, 1, 1, 1, 0, 1, 1, 1, 1, 1, 1, 1, 1, 1, 0, 1, 0, 1, 1, 1, 1, 1, 0, 1, 1, 1, 1, 1, 0, 1, 0, 1, 1, 1],
    [1, 0, 0, 0, 0, 0, 0, 0, 0, 0, 1, 0, 0, 0, 1, 0, 0, 0, 0, 0, 0, 0, 1, 0, 1, 0, 0, 0, 0, 0, 1, 0, 0, 0, 1, 0, 0, 0, 1, 0, 0, 0, 0, 0, 1, 0, 1, 0, 1],
    [1, 0, 1, 1, 1, 1, 1, 1, 1, 1, 1, 0, 1, 1, 1, 1, 1, 1, 1, 1, 1, 0, 1, 0, 1, 0, 1, 1, 1, 1, 1, 1, 1, 0, 1, 0, 1, 1, 1, 0, 1, 1, 1, 0, 1, 0, 1, 0, 1],
    [1, 0, 0, 0, 1, 0, 0, 0, 0, 0, 0, 0, 1, 0, 0, 0, 1, 0, 0, 0, 1, 0, 0, 0, 1, 0, 0, 0, 0, 0, 0, 0, 1, 0, 1, 0, 0, 0, 1, 0, 1, 0, 0, 0, 1, 0, 1, 0, 1],
    [1, 1, 1, 0, 1, 0, 1, 1, 1, 1, 1, 1, 1, 0, 1, 0, 1, 0, 1, 0, 1, 1, 1, 1, 1, 1, 1, 1, 1, 0, 1, 0, 1, 0, 1, 1, 1, 0, 1, 0, 1, 0, 1, 1, 1, 0, 1, 0, 1],
    [1, 0, 0, 0, 1, 0, 1, 0, 0, 0, 0, 0, 0, 0, 1, 0, 0, 0, 1, 0, 0, 0, 1, 0, 0, 0, 0, 0, 0, 0, 1, 0, 1, 0, 1, 0, 0, 0, 1, 0, 1, 0, 0, 0, 1, 0, 0, 0, 1],
    [1, 0, 1, 1, 1, 0, 1, 0, 1, 1, 1, 1, 1, 1, 1, 1, 1, 1, 1, 1, 1, 0, 1, 0, 1, 1, 1, 1, 1, 1, 1, 0, 1, 0, 1, 0, 1, 1, 1, 0, 1, 1, 1, 1, 1, 1, 1, 0, 1],
    [1, 0, 0, 0, 0, 0, 1, 0, 0, 0, 1, 0, 0, 0, 0, 0, 0, 0, 1, 0, 0, 0, 1, 0, 1, 0, 0, 0, 0, 0, 0, 0, 1, 0, 1, 0, 0, 0, 1, 0, 1, 0, 0, 0, 0, 0, 0, 0, 1],
    [1, 1, 1, 1, 1, 0, 1, 1, 1, 0, 1, 1, 1, 0, 1, 0, 1, 1, 1, 0, 1, 1, 1, 0, 1, 0, 1, 1, 1, 1, 1, 1, 1, 0, 1, 1, 1, 0, 1, 0, 1, 0, 1, 1, 1, 1, 1, 1, 1],
    [1, 0, 0, 0, 1, 0, 1, 0, 1, 0, 0, 0, 1, 0, 1, 0, 1, 0, 0, 0, 1, 0, 0, 0, 1, 0, 0, 0, 0, 0, 0, 0, 1, 0, 0, 0, 1, 0, 1, 0, 1, 0, 1, 0, 0, 0, 0, 0, 1],
    [1, 1, 1, 0, 1, 0, 1, 0, 1, 1, 1, 0, 1, 0, 1, 0, 1, 0, 1, 1, 1, 0, 1, 1, 1, 1, 1, 0, 1, 1, 1, 1, 1, 1, 1, 0, 1, 0, 1, 0, 1, 0, 1, 0, 1, 1, 1, 0, 1],
    [1, 0, 0, 0, 1, 0, 0, 0, 0, 0, 1, 0, 1, 0, 1, 0, 1, 0, 1, 0, 0, 0, 1, 0, 0, 0, 1, 0, 1, 0, 0, 0, 0, 0, 1, 0, 1, 0, 1, 0, 1, 0, 1, 0, 1, 0, 1, 0, 1],
    [1, 0, 1, 0, 1, 1, 1, 1, 1, 0, 1, 0, 1, 1, 1, 0, 1, 0, 1, 0, 1, 1, 1, 0, 1, 0, 1, 1, 1, 0, 1, 0, 1, 1, 1, 0, 1, 0, 1, 0, 1, 0, 1, 0, 1, 0, 1, 0, 1],
    [1, 0, 1, 0, 1, 0, 0, 0, 0, 0, 1, 0, 0, 0, 1, 0, 0, 0, 1, 0, 0, 0, 0, 0, 1, 0, 0, 0, 1, 0, 1, 0, 0, 0, 1, 0, 1, 0, 1, 0, 0, 0, 0, 0, 1, 0, 1, 0, 1],
    [1, 0, 1, 1, 1, 0, 1, 1, 1, 1, 1, 1, 1, 0, 1, 1, 1, 0, 1, 1, 1, 1, 1, 1, 1, 1, 1, 0, 1, 0, 1, 1, 1, 0, 1, 0, 1, 0, 1, 1, 1, 1, 1, 1, 1, 0, 1, 0, 1],
    [1, 0, 0, 0, 0, 0, 1, 0, 0, 0, 0, 0, 1, 0, 0, 0, 1, 0, 1, 0, 0, 0, 1, 0, 0, 0, 1, 0, 1, 0, 0, 0, 1, 0, 0, 0, 1, 0, 0, 0, 1, 0, 0, 0, 0, 0, 0, 0, 1],
    [1, 0, 1, 1, 1, 1, 1, 1, 1, 1, 1, 0, 1, 1, 1, 0, 1, 0, 1, 0, 1, 0, 1, 0, 1, 0, 1, 0, 1, 1, 1, 0, 1, 1, 1, 1, 1, 1, 1, 0, 1, 0, 1, 1, 1, 1, 1, 1, 1],
    [1, 0, 1, 0, 0, 0, 0, 0, 0, 0, 1, 0, 0, 0, 1, 0, 1, 0, 0, 0, 1, 0, 0, 0, 1, 0, 1, 0, 0, 0, 1, 0, 1, 0, 0, 0, 0, 0, 0, 0, 1, 0, 0, 0, 0, 0, 1, 0, 1],
    [1, 0, 1, 0, 1, 1, 1, 1, 1, 0, 1, 0, 1, 0, 1, 0, 1, 1, 1, 1, 1, 1, 1, 1, 1, 0, 1, 0, 1, 0, 1, 0, 1, 0, 1, 1, 1, 1, 1, 1, 1, 1, 1, 1, 1, 0, 1, 0, 1],
    [1, 0, 1, 0, 0, 0, 1, 0, 1, 0, 0, 0, 1, 0, 1, 0, 0, 0, 1, 0, 0, 0, 0, 0, 1, 0, 0, 0, 1, 0, 1, 0, 1, 0, 1, 0, 0, 0, 0, 0, 0, 0, 0, 0, 1, 0, 1, 0, 1],
    [1, 0, 1, 1, 1, 0, 1, 0, 1, 1, 1, 1, 1, 0, 1, 1, 1, 0, 1, 0, 1, 1, 1, 0, 1, 1, 1, 1, 1, 1, 1, 0, 1, 0, 1, 0, 1, 1, 1, 1, 1, 1, 1, 0, 1, 0, 1, 0, 1],
    [1, 0, 0, 0, 0, 0, 1, 0, 0, 0, 0, 0, 0, 0, 0, 0, 1, 0, 0, 0, 0, 0, 1, 0, 0, 0, 0, 0, 0, 0, 0, 0, 0, 0, 1, 0, 0, 0, 0, 0, 0, 0, 1, 0, 0, 0, 0, 0, 1],
    [1, 1, 1, 1, 1, 1, 1, 1, 1, 1, 1, 1, 1, 1, 1, 1, 1, 1, 1, 1, 1, 1, 1, 1, 1, 1, 1, 1, 1, 1, 1, 1, 1, 1, 1, 1, 1, 1, 1, 1, 1, 1, 1, 1, 1, 1, 1, 1, 1],
])
start = (np.int64(37), np.int64(25))
goal  = (np.int64(7), np.int64(34))

------------------------------------------------------------

# 49x49 maze  start=(np.int64(15), np.int64(19))  goal=(np.int64(37), np.int64(35))
maze = np.array([
    [1, 1, 1, 1, 1, 1, 1, 1, 1, 1, 1, 1, 1, 1, 1, 1, 1, 1, 1, 1, 1, 1, 1, 1, 1, 1, 1, 1, 1, 1, 1, 1, 1, 1, 1, 1, 1, 1, 1, 1, 1, 1, 1, 1, 1, 1, 1, 1, 1],
    [1, 0, 1, 0, 0, 0, 0, 0, 0, 0, 1, 0, 0, 0, 0, 0, 0, 0, 0, 0, 0, 0, 0, 0, 1, 0, 1, 0, 0, 0, 0, 0, 0, 0, 1, 0, 0, 0, 0, 0, 1, 0, 0, 0, 0, 0, 0, 0, 1],
    [1, 0, 1, 0, 1, 1, 1, 1, 1, 0, 1, 0, 1, 1, 1, 0, 1, 1, 1, 1, 1, 1, 1, 0, 1, 0, 1, 0, 1, 0, 1, 1, 1, 0, 1, 0, 1, 1, 1, 1, 1, 0, 1, 1, 1, 0, 1, 1, 1],
    [1, 0, 0, 0, 1, 0, 0, 0, 1, 0, 1, 0, 0, 0, 1, 0, 0, 0, 1, 0, 0, 0, 0, 0, 1, 0, 0, 0, 1, 0, 1, 0, 0, 0, 0, 0, 1, 0, 0, 0, 0, 0, 0, 0, 1, 0, 0, 0, 1],
    [1, 1, 1, 1, 1, 0, 1, 0, 1, 0, 1, 1, 1, 0, 1, 1, 1, 0, 1, 0, 1, 1, 1, 1, 1, 1, 1, 1, 1, 0, 1, 1, 1, 1, 1, 1, 1, 0, 1, 1, 1, 1, 1, 1, 1, 1, 1, 0, 1],
    [1, 0, 0, 0, 0, 0, 1, 0, 1, 0, 1, 0, 0, 0, 0, 0, 1, 0, 1, 0, 0, 0, 0, 0, 0, 0, 0, 0, 1, 0, 0, 0, 0, 0, 1, 0, 0, 0, 1, 0, 0, 0, 1, 0, 0, 0, 0, 0, 1],
    [1, 0, 1, 1, 1, 1, 1, 0, 1, 0, 1, 1, 1, 1, 1, 1, 1, 0, 1, 1, 1, 1, 1, 1, 1, 1, 1, 0, 1, 1, 1, 1, 1, 0, 1, 0, 1, 1, 1, 0, 1, 1, 1, 0, 1, 1, 1, 0, 1],
    [1, 0, 1, 0, 0, 0, 1, 0, 1, 0, 1, 0, 0, 0, 0, 0, 0, 0, 1, 0, 0, 0, 0, 0, 1, 0, 0, 0, 1, 0, 0, 0, 1, 0, 1, 0, 0, 0, 1, 0, 0, 0, 1, 0, 1, 0, 1, 0, 1],
    [1, 0, 1, 1, 1, 0, 1, 0, 1, 0, 1, 0, 1, 1, 1, 1, 1, 1, 1, 0, 1, 1, 1, 0, 1, 0, 1, 1, 1, 0, 1, 0, 1, 0, 1, 1, 1, 0, 1, 0, 1, 0, 1, 0, 1, 0, 1, 0, 1],
    [1, 0, 0, 0, 1, 0, 0, 0, 1, 0, 0, 0, 1, 0, 0, 0, 1, 0, 1, 0, 1, 0, 1, 0, 1, 0, 1, 0, 0, 0, 1, 0, 0, 0, 1, 0, 0, 0, 1, 0, 1, 0, 1, 0, 1, 0, 0, 0, 1],
    [1, 0, 1, 0, 1, 1, 1, 0, 1, 1, 1, 1, 1, 0, 1, 0, 1, 0, 1, 0, 1, 0, 1, 0, 1, 0, 1, 1, 1, 0, 1, 1, 1, 0, 1, 0, 1, 1, 1, 1, 1, 0, 1, 0, 1, 0, 1, 1, 1],
    [1, 0, 1, 0, 0, 0, 1, 0, 1, 0, 0, 0, 1, 0, 1, 0, 0, 0, 1, 0, 1, 0, 1, 0, 1, 0, 0, 0, 1, 0, 1, 0, 0, 0, 1, 0, 0, 0, 0, 0, 0, 0, 1, 0, 1, 0, 1, 0, 1],
    [1, 1, 1, 1, 1, 0, 1, 0, 1, 0, 1, 0, 1, 0, 1, 1, 1, 1, 1, 0, 1, 0, 1, 0, 1, 1, 1, 0, 1, 0, 1, 1, 1, 1, 1, 1, 1, 1, 1, 0, 1, 1, 1, 0, 1, 0, 1, 0, 1],
    [1, 0, 0, 0, 0, 0, 1, 0, 0, 0, 1, 0, 0, 0, 1, 0, 0, 0, 0, 0, 1, 0, 1, 0, 0, 0, 0, 0, 1, 0, 1, 0, 0, 0, 0, 0, 0, 0, 0, 0, 1, 0, 0, 0, 1, 0, 1, 0, 1],
    [1, 0, 1, 0, 1, 1, 1, 1, 1, 1, 1, 1, 1, 0, 1, 0, 1, 1, 1, 1, 1, 0, 1, 1, 1, 1, 1, 1, 1, 0, 1, 0, 1, 1, 1, 1, 1, 1, 1, 0, 1, 0, 1, 1, 1, 0, 1, 0, 1],
    [1, 0, 1, 0, 1, 0, 0, 0, 0, 0, 1, 0, 0, 0, 1, 0, 0, 0, 1, 0, 0, 0, 0, 0, 0, 0, 1, 0, 0, 0, 0, 0, 1, 0, 0, 0, 0, 0, 1, 0, 1, 0, 0, 0, 1, 0, 0, 0, 1],
    [1, 0, 1, 1, 1, 0, 1, 1, 1, 0, 1, 0, 1, 1, 1, 1, 1, 0, 1, 0, 1, 0, 1, 1, 1, 1, 1, 0, 1, 1, 1, 1, 1, 0, 1, 1, 1, 0, 1, 1, 1, 0, 1, 0, 1, 1, 1, 1, 1],
    [1, 0, 0, 0, 0, 0, 1, 0, 0, 0, 1, 0, 1, 0, 0, 0, 0, 0, 1, 0, 1, 0, 0, 0, 0, 0, 1, 0, 0, 0, 0, 0, 1, 0, 0, 0, 1, 0, 0, 0, 1, 0, 1, 0, 1, 0, 0, 0, 1],
    [1, 0, 1, 1, 1, 1, 1, 0, 1, 1, 1, 1, 1, 0, 1, 1, 1, 1, 1, 1, 1, 1, 1, 1, 1, 0, 1, 1, 1, 1, 1, 0, 1, 1, 1, 0, 1, 1, 1, 0, 1, 1, 1, 0, 1, 0, 1, 0, 1],
    [1, 0, 0, 0, 0, 0, 1, 0, 0, 0, 0, 0, 0, 0, 1, 0, 0, 0, 0, 0, 0, 0, 0, 0, 1, 0, 1, 0, 0, 0, 0, 0, 0, 0, 1, 0, 1, 0, 1, 0, 0, 0, 1, 0, 0, 0, 1, 0, 1],
    [1, 1, 1, 1, 1, 0, 1, 1, 1, 1, 1, 1, 1, 1, 1, 1, 1, 1, 1, 0, 1, 1, 1, 0, 1, 0, 1, 0, 1, 1, 1, 1, 1, 1, 1, 0, 1, 0, 1, 1, 1, 0, 1, 0, 1, 1, 1, 0, 1],
    [1, 0, 1, 0, 0, 0, 1, 0, 0, 0, 1, 0, 0, 0, 0, 0, 0, 0, 1, 0, 1, 0, 1, 0, 1, 0, 0, 0, 0, 0, 0, 0, 1, 0, 0, 0, 1, 0, 0, 0, 0, 0, 1, 0, 1, 0, 0, 0, 1],
    [1, 0, 1, 0, 1, 1, 1, 0, 1, 1, 1, 0, 1, 0, 1, 1, 1, 0, 1, 0, 1, 0, 1, 0, 1, 1, 1, 1, 1, 0, 1, 1, 1, 0, 1, 1, 1, 0, 1, 1, 1, 1, 1, 0, 1, 0, 1, 1, 1],
    [1, 0, 1, 0, 0, 0, 1, 0, 1, 0, 0, 0, 1, 0, 1, 0, 1, 0, 0, 0, 1, 0, 1, 0, 0, 0, 0, 0, 1, 0, 1, 0, 0, 0, 1, 0, 0, 0, 1, 0, 0, 0, 1, 0, 1, 0, 0, 0, 1],
    [1, 0, 1, 1, 1, 0, 1, 0, 1, 0, 1, 1, 1, 0, 1, 0, 1, 1, 1, 1, 1, 0, 1, 1, 1, 1, 1, 0, 1, 1, 1, 0, 1, 1, 1, 0, 1, 1, 1, 0, 1, 0, 1, 1, 1, 0, 1, 0, 1],
    [1, 0, 0, 0, 0, 0, 1, 0, 0, 0, 1, 0, 0, 0, 1, 0, 0, 0, 0, 0, 0, 0, 0, 0, 0, 0, 1, 0, 0, 0, 1, 0, 1, 0, 1, 0, 0, 0, 1, 0, 1, 0, 0, 0, 1, 0, 1, 0, 1],
    [1, 0, 1, 1, 1, 1, 1, 1, 1, 0, 1, 0, 1, 1, 1, 0, 1, 1, 1, 1, 1, 1, 1, 0, 1, 0, 1, 1, 1, 0, 1, 0, 1, 0, 1, 1, 1, 0, 1, 0, 1, 1, 1, 0, 1, 1, 1, 0, 1],
    [1, 0, 1, 0, 0, 0, 0, 0, 1, 0, 1, 0, 1, 0, 1, 0, 1, 0, 0, 0, 0, 0, 0, 0, 1, 0, 1, 0, 1, 0, 1, 0, 1, 0, 0, 0, 1, 0, 1, 0, 0, 0, 1, 0, 1, 0, 0, 0, 1],
    [1, 0, 1, 0, 1, 1, 1, 0, 1, 1, 1, 0, 1, 0, 1, 0, 1, 0, 1, 1, 1, 1, 1, 1, 1, 0, 1, 0, 1, 0, 1, 0, 1, 1, 1, 0, 1, 0, 1, 1, 1, 0, 1, 0, 1, 0, 1, 0, 1],
    [1, 0, 1, 0, 1, 0, 1, 0, 0, 0, 0, 0, 1, 0, 0, 0, 1, 0, 1, 0, 0, 0, 1, 0, 1, 0, 0, 0, 1, 0, 1, 0, 0, 0, 1, 0, 1, 0, 1, 0, 0, 0, 1, 0, 0, 0, 1, 0, 1],
    [1, 0, 1, 0, 1, 0, 1, 1, 1, 1, 1, 1, 1, 0, 1, 1, 1, 0, 1, 0, 1, 0, 1, 0, 1, 1, 1, 0, 1, 0, 1, 0, 1, 0, 1, 0, 1, 0, 1, 0, 1, 1, 1, 1, 1, 1, 1, 0, 1],
    [1, 0, 0, 0, 1, 0, 0, 0, 0, 0, 0, 0, 1, 0, 1, 0, 0, 0, 1, 0, 1, 0, 0, 0, 1, 0, 0, 0, 1, 0, 1, 0, 1, 0, 1, 0, 0, 0, 1, 0, 0, 0, 0, 0, 0, 0, 1, 0, 1],
    [1, 1, 1, 1, 1, 0, 1, 1, 1, 1, 1, 0, 1, 1, 1, 0, 1, 1, 1, 0, 1, 0, 1, 1, 1, 0, 1, 1, 1, 0, 1, 1, 1, 0, 1, 0, 1, 1, 1, 1, 1, 1, 1, 0, 1, 0, 1, 0, 1],
    [1, 0, 1, 0, 0, 0, 0, 0, 1, 0, 0, 0, 0, 0, 0, 0, 1, 0, 0, 0, 1, 0, 1, 0, 0, 0, 1, 0, 1, 0, 0, 0, 1, 0, 1, 0, 0, 0, 1, 0, 0, 0, 1, 0, 1, 0, 1, 0, 1],
    [1, 0, 1, 0, 1, 1, 1, 0, 1, 0, 1, 1, 1, 1, 1, 1, 1, 0, 1, 0, 1, 1, 1, 0, 1, 1, 1, 0, 1, 1, 1, 0, 1, 0, 1, 1, 1, 0, 1, 0, 1, 0, 1, 1, 1, 0, 1, 1, 1],
    [1, 0, 1, 0, 1, 0, 1, 0, 1, 0, 0, 0, 1, 0, 0, 0, 1, 0, 1, 0, 0, 0, 1, 0, 0, 0, 1, 0, 0, 0, 1, 0, 0, 0, 1, 0, 0, 0, 1, 0, 1, 0, 0, 0, 1, 0, 0, 0, 1],
    [1, 0, 1, 0, 1, 0, 1, 0, 1, 0, 1, 1, 1, 0, 1, 0, 1, 0, 1, 1, 1, 0, 1, 1, 1, 0, 1, 0, 1, 0, 1, 1, 1, 1, 1, 0, 1, 1, 1, 0, 1, 1, 1, 0, 1, 0, 1, 0, 1],
    [1, 0, 1, 0, 0, 0, 1, 0, 1, 0, 1, 0, 0, 0, 1, 0, 1, 0, 0, 0, 1, 0, 0, 0, 0, 0, 0, 0, 1, 0, 0, 0, 0, 0, 1, 0, 0, 0, 1, 0, 1, 0, 0, 0, 1, 0, 1, 0, 1],
    [1, 0, 1, 1, 1, 0, 1, 0, 1, 0, 1, 0, 1, 1, 1, 0, 1, 0, 1, 1, 1, 1, 1, 1, 1, 1, 1, 0, 1, 1, 1, 1, 1, 1, 1, 1, 1, 0, 1, 0, 1, 0, 1, 1, 1, 1, 1, 0, 1],
    [1, 0, 0, 0, 0, 0, 1, 0, 1, 0, 1, 0, 1, 0, 0, 0, 1, 0, 1, 0, 0, 0, 0, 0, 0, 0, 1, 0, 1, 0, 0, 0, 0, 0, 0, 0, 1, 0, 1, 0, 1, 0, 0, 0, 0, 0, 1, 0, 1],
    [1, 0, 1, 1, 1, 1, 1, 0, 1, 1, 1, 0, 1, 0, 1, 1, 1, 1, 1, 0, 1, 1, 1, 1, 1, 0, 1, 1, 1, 0, 1, 1, 1, 1, 1, 0, 1, 0, 1, 0, 1, 1, 1, 1, 1, 0, 1, 0, 1],
    [1, 0, 0, 0, 0, 0, 1, 0, 1, 0, 0, 0, 1, 0, 0, 0, 0, 0, 0, 0, 0, 0, 1, 0, 0, 0, 1, 0, 0, 0, 1, 0, 0, 0, 1, 0, 0, 0, 1, 0, 0, 0, 0, 0, 1, 0, 1, 0, 1],
    [1, 1, 1, 0, 1, 1, 1, 0, 1, 0, 1, 1, 1, 1, 1, 1, 1, 1, 1, 1, 1, 1, 1, 0, 1, 0, 1, 0, 1, 1, 1, 0, 1, 0, 1, 1, 1, 1, 1, 1, 1, 1, 1, 0, 1, 0, 1, 0, 1],
    [1, 0, 1, 0, 1, 0, 0, 0, 1, 0, 0, 0, 1, 0, 0, 0, 0, 0, 0, 0, 0, 0, 0, 0, 1, 0, 1, 0, 0, 0, 0, 0, 1, 0, 0, 0, 0, 0, 1, 0, 0, 0, 0, 0, 1, 0, 0, 0, 1],
    [1, 0, 1, 0, 1, 0, 1, 1, 1, 1, 1, 0, 1, 0, 1, 1, 1, 1, 1, 1, 1, 1, 1, 1, 1, 1, 1, 1, 1, 1, 1, 1, 1, 1, 1, 1, 1, 0, 1, 0, 1, 1, 1, 1, 1, 1, 1, 0, 1],
    [1, 0, 1, 0, 1, 0, 0, 0, 0, 0, 0, 0, 1, 0, 0, 0, 0, 0, 1, 0, 0, 0, 0, 0, 0, 0, 0, 0, 0, 0, 0, 0, 0, 0, 0, 0, 1, 0, 0, 0, 1, 0, 0, 0, 1, 0, 0, 0, 1],
    [1, 0, 1, 0, 1, 1, 1, 1, 1, 1, 1, 1, 1, 1, 1, 1, 1, 0, 1, 0, 1, 1, 1, 1, 1, 1, 1, 1, 1, 1, 1, 0, 1, 1, 1, 1, 1, 1, 1, 1, 1, 0, 1, 1, 1, 0, 1, 1, 1],
    [1, 0, 0, 0, 0, 0, 0, 0, 0, 0, 0, 0, 0, 0, 0, 0, 1, 0, 0, 0, 0, 0, 0, 0, 0, 0, 0, 0, 0, 0, 1, 0, 0, 0, 0, 0, 0, 0, 0, 0, 0, 0, 0, 0, 0, 0, 0, 0, 1],
    [1, 1, 1, 1, 1, 1, 1, 1, 1, 1, 1, 1, 1, 1, 1, 1, 1, 1, 1, 1, 1, 1, 1, 1, 1, 1, 1, 1, 1, 1, 1, 1, 1, 1, 1, 1, 1, 1, 1, 1, 1, 1, 1, 1, 1, 1, 1, 1, 1],
])
start = (np.int64(15), np.int64(19))
goal  = (np.int64(37), np.int64(35))

------------------------------------------------------------

# 11x11 maze  start=(np.int64(1), np.int64(3))  goal=(np.int64(9), np.int64(5))
maze = np.array([
    [1, 1, 1, 1, 1, 1, 1, 1, 1, 1, 1],
    [1, 0, 1, 0, 0, 0, 0, 0, 0, 0, 1],
    [1, 0, 1, 0, 1, 1, 1, 1, 1, 0, 1],
    [1, 0, 1, 0, 0, 0, 1, 0, 0, 0, 1],
    [1, 0, 1, 1, 1, 0, 1, 1, 1, 0, 1],
    [1, 0, 0, 0, 1, 0, 0, 0, 1, 0, 1],
    [1, 1, 1, 0, 1, 1, 1, 0, 1, 0, 1],
    [1, 0, 1, 0, 1, 0, 0, 0, 1, 0, 1],
    [1, 0, 1, 0, 1, 0, 1, 1, 1, 0, 1],
    [1, 0, 0, 0, 0, 0, 1, 0, 0, 0, 1],
    [1, 1, 1, 1, 1, 1, 1, 1, 1, 1, 1],
])
start = (np.int64(1), np.int64(3))
goal  = (np.int64(9), np.int64(5))

------------------------------------------------------------

# 11x11 maze  start=(np.int64(3), np.int64(2))  goal=(np.int64(8), np.int64(9))
maze = np.array([
    [1, 1, 1, 1, 1, 1, 1, 1, 1, 1, 1],
    [1, 0, 0, 0, 1, 0, 0, 0, 0, 0, 1],
    [1, 1, 1, 0, 1, 1, 1, 0, 1, 0, 1],
    [1, 0, 0, 0, 1, 0, 0, 0, 1, 0, 1],
    [1, 0, 1, 1, 1, 0, 1, 1, 1, 0, 1],
    [1, 0, 0, 0, 0, 0, 1, 0, 1, 0, 1],
    [1, 1, 1, 1, 1, 1, 1, 0, 1, 0, 1],
    [1, 0, 1, 0, 0, 0, 0, 0, 1, 0, 1],
    [1, 0, 1, 0, 1, 0, 1, 1, 1, 0, 1],
    [1, 0, 0, 0, 1, 0, 0, 0, 0, 0, 1],
    [1, 1, 1, 1, 1, 1, 1, 1, 1, 1, 1],
])
start = (np.int64(3), np.int64(2))
goal  = (np.int64(8), np.int64(9))

------------------------------------------------------------

# 11x11 maze  start=(np.int64(4), np.int64(1))  goal=(np.int64(7), np.int64(8))
maze = np.array([
    [1, 1, 1, 1, 1, 1, 1, 1, 1, 1, 1],
    [1, 0, 1, 0, 0, 0, 0, 0, 0, 0, 1],
    [1, 0, 1, 0, 1, 0, 1, 1, 1, 0, 1],
    [1, 0, 1, 0, 1, 0, 1, 0, 0, 0, 1],
    [1, 0, 1, 0, 1, 0, 1, 0, 1, 1, 1],
    [1, 0, 1, 0, 1, 0, 1, 0, 0, 0, 1],
    [1, 0, 1, 1, 1, 0, 1, 1, 1, 0, 1],
    [1, 0, 1, 0, 0, 0, 1, 0, 0, 0, 1],
    [1, 0, 1, 0, 1, 1, 1, 0, 1, 1, 1],
    [1, 0, 0, 0, 1, 0, 0, 0, 0, 0, 1],
    [1, 1, 1, 1, 1, 1, 1, 1, 1, 1, 1],
])
start = (np.int64(4), np.int64(1))
goal  = (np.int64(7), np.int64(8))

------------------------------------------------------------

# 11x11 maze  start=(np.int64(8), np.int64(1))  goal=(np.int64(3), np.int64(6))
maze = np.array([
    [1, 1, 1, 1, 1, 1, 1, 1, 1, 1, 1],
    [1, 0, 0, 0, 1, 0, 0, 0, 0, 0, 1],
    [1, 1, 1, 0, 1, 1, 1, 1, 1, 0, 1],
    [1, 0, 1, 0, 0, 0, 0, 0, 1, 0, 1],
    [1, 0, 1, 1, 1, 1, 1, 0, 1, 0, 1],
    [1, 0, 0, 0, 0, 0, 1, 0, 0, 0, 1],
    [1, 0, 1, 1, 1, 1, 1, 1, 1, 0, 1],
    [1, 0, 0, 0, 0, 0, 0, 0, 1, 0, 1],
    [1, 0, 1, 1, 1, 0, 1, 1, 1, 0, 1],
    [1, 0, 0, 0, 1, 0, 0, 0, 0, 0, 1],
    [1, 1, 1, 1, 1, 1, 1, 1, 1, 1, 1],
])
start = (np.int64(8), np.int64(1))
goal  = (np.int64(3), np.int64(6))

------------------------------------------------------------

# 11x11 maze  start=(np.int64(9), np.int64(1))  goal=(np.int64(1), np.int64(3))
maze = np.array([
    [1, 1, 1, 1, 1, 1, 1, 1, 1, 1, 1],
    [1, 0, 0, 0, 0, 0, 1, 0, 0, 0, 1],
    [1, 1, 1, 1, 1, 0, 1, 1, 1, 0, 1],
    [1, 0, 0, 0, 0, 0, 1, 0, 0, 0, 1],
    [1, 0, 1, 1, 1, 1, 1, 0, 1, 0, 1],
    [1, 0, 1, 0, 0, 0, 0, 0, 1, 0, 1],
    [1, 0, 1, 0, 1, 1, 1, 1, 1, 0, 1],
    [1, 0, 0, 0, 1, 0, 0, 0, 1, 0, 1],
    [1, 1, 1, 1, 1, 0, 1, 0, 1, 0, 1],
    [1, 0, 0, 0, 0, 0, 1, 0, 0, 0, 1],
    [1, 1, 1, 1, 1, 1, 1, 1, 1, 1, 1],
])
start = (np.int64(9), np.int64(1))
goal  = (np.int64(1), np.int64(3))

------------------------------------------------------------

# 11x11 maze  start=(np.int64(8), np.int64(9))  goal=(np.int64(3), np.int64(1))
maze = np.array([
    [1, 1, 1, 1, 1, 1, 1, 1, 1, 1, 1],
    [1, 0, 1, 0, 0, 0, 1, 0, 0, 0, 1],
    [1, 0, 1, 0, 1, 0, 1, 1, 1, 0, 1],
    [1, 0, 1, 0, 1, 0, 0, 0, 1, 0, 1],
    [1, 0, 1, 0, 1, 1, 1, 0, 1, 0, 1],
    [1, 0, 0, 0, 1, 0, 1, 0, 0, 0, 1],
    [1, 1, 1, 1, 1, 0, 1, 1, 1, 0, 1],
    [1, 0, 0, 0, 0, 0, 0, 0, 1, 0, 1],
    [1, 0, 1, 1, 1, 1, 1, 0, 1, 0, 1],
    [1, 0, 0, 0, 0, 0, 1, 0, 0, 0, 1],
    [1, 1, 1, 1, 1, 1, 1, 1, 1, 1, 1],
])
start = (np.int64(8), np.int64(9))
goal  = (np.int64(3), np.int64(1))

------------------------------------------------------------

# 11x11 maze  start=(np.int64(1), np.int64(1))  goal=(np.int64(7), np.int64(5))
maze = np.array([
    [1, 1, 1, 1, 1, 1, 1, 1, 1, 1, 1],
    [1, 0, 1, 0, 0, 0, 0, 0, 1, 0, 1],
    [1, 0, 1, 0, 1, 1, 1, 0, 1, 0, 1],
    [1, 0, 0, 0, 1, 0, 1, 0, 0, 0, 1],
    [1, 1, 1, 1, 1, 0, 1, 1, 1, 0, 1],
    [1, 0, 0, 0, 1, 0, 0, 0, 0, 0, 1],
    [1, 0, 1, 0, 1, 0, 1, 1, 1, 1, 1],
    [1, 0, 1, 0, 1, 0, 1, 0, 0, 0, 1],
    [1, 0, 1, 0, 1, 0, 1, 0, 1, 0, 1],
    [1, 0, 1, 0, 0, 0, 0, 0, 1, 0, 1],
    [1, 1, 1, 1, 1, 1, 1, 1, 1, 1, 1],
])
start = (np.int64(1), np.int64(1))
goal  = (np.int64(7), np.int64(5))

------------------------------------------------------------

# 15x15 maze  start=(np.int64(13), np.int64(1))  goal=(np.int64(9), np.int64(9))
maze = np.array([
    [1, 1, 1, 1, 1, 1, 1, 1, 1, 1, 1, 1, 1, 1, 1],
    [1, 0, 0, 0, 1, 0, 0, 0, 1, 0, 0, 0, 0, 0, 1],
    [1, 1, 1, 0, 1, 0, 1, 0, 1, 1, 1, 0, 1, 0, 1],
    [1, 0, 1, 0, 0, 0, 1, 0, 0, 0, 0, 0, 1, 0, 1],
    [1, 0, 1, 1, 1, 1, 1, 1, 1, 1, 1, 1, 1, 0, 1],
    [1, 0, 1, 0, 0, 0, 1, 0, 0, 0, 0, 0, 1, 0, 1],
    [1, 0, 1, 0, 1, 0, 1, 0, 1, 0, 1, 1, 1, 0, 1],
    [1, 0, 0, 0, 1, 0, 0, 0, 1, 0, 1, 0, 0, 0, 1],
    [1, 0, 1, 1, 1, 1, 1, 1, 1, 0, 1, 0, 1, 1, 1],
    [1, 0, 1, 0, 1, 0, 0, 0, 0, 0, 1, 0, 0, 0, 1],
    [1, 0, 1, 0, 1, 0, 1, 0, 1, 1, 1, 1, 1, 0, 1],
    [1, 0, 1, 0, 1, 0, 1, 0, 1, 0, 0, 0, 0, 0, 1],
    [1, 0, 1, 0, 1, 0, 1, 1, 1, 0, 1, 1, 1, 1, 1],
    [1, 0, 0, 0, 1, 0, 0, 0, 0, 0, 0, 0, 0, 0, 1],
    [1, 1, 1, 1, 1, 1, 1, 1, 1, 1, 1, 1, 1, 1, 1],
])
start = (np.int64(13), np.int64(1))
goal  = (np.int64(9), np.int64(9))

------------------------------------------------------------

# 15x15 maze  start=(np.int64(13), np.int64(5))  goal=(np.int64(9), np.int64(12))
maze = np.array([
    [1, 1, 1, 1, 1, 1, 1, 1, 1, 1, 1, 1, 1, 1, 1],
    [1, 0, 1, 0, 1, 0, 0, 0, 0, 0, 0, 0, 0, 0, 1],
    [1, 0, 1, 0, 1, 0, 1, 1, 1, 1, 1, 0, 1, 0, 1],
    [1, 0, 1, 0, 0, 0, 1, 0, 0, 0, 0, 0, 1, 0, 1],
    [1, 0, 1, 1, 1, 1, 1, 0, 1, 1, 1, 1, 1, 0, 1],
    [1, 0, 1, 0, 0, 0, 0, 0, 1, 0, 1, 0, 0, 0, 1],
    [1, 0, 1, 0, 1, 1, 1, 1, 1, 0, 1, 0, 1, 1, 1],
    [1, 0, 0, 0, 1, 0, 0, 0, 0, 0, 1, 0, 1, 0, 1],
    [1, 1, 1, 1, 1, 0, 1, 1, 1, 0, 1, 0, 1, 0, 1],
    [1, 0, 0, 0, 1, 0, 1, 0, 1, 0, 1, 0, 0, 0, 1],
    [1, 0, 1, 0, 1, 0, 1, 0, 1, 0, 1, 1, 1, 0, 1],
    [1, 0, 1, 0, 1, 0, 0, 0, 1, 0, 0, 0, 1, 0, 1],
    [1, 0, 1, 0, 1, 1, 1, 0, 1, 1, 1, 0, 1, 0, 1],
    [1, 0, 1, 0, 0, 0, 0, 0, 0, 0, 1, 0, 0, 0, 1],
    [1, 1, 1, 1, 1, 1, 1, 1, 1, 1, 1, 1, 1, 1, 1],
])
start = (np.int64(13), np.int64(5))
goal  = (np.int64(9), np.int64(12))

------------------------------------------------------------

# 15x15 maze  start=(np.int64(8), np.int64(11))  goal=(np.int64(7), np.int64(1))
maze = np.array([
    [1, 1, 1, 1, 1, 1, 1, 1, 1, 1, 1, 1, 1, 1, 1],
    [1, 0, 1, 0, 0, 0, 0, 0, 0, 0, 0, 0, 1, 0, 1],
    [1, 0, 1, 1, 1, 0, 1, 1, 1, 0, 1, 0, 1, 0, 1],
    [1, 0, 0, 0, 1, 0, 0, 0, 1, 0, 1, 0, 0, 0, 1],
    [1, 1, 1, 0, 1, 1, 1, 1, 1, 0, 1, 1, 1, 0, 1],
    [1, 0, 1, 0, 0, 0, 0, 0, 0, 0, 1, 0, 1, 0, 1],
    [1, 0, 1, 1, 1, 1, 1, 1, 1, 1, 1, 0, 1, 0, 1],
    [1, 0, 0, 0, 1, 0, 0, 0, 0, 0, 1, 0, 0, 0, 1],
    [1, 0, 1, 1, 1, 0, 1, 1, 1, 0, 1, 0, 1, 1, 1],
    [1, 0, 0, 0, 1, 0, 0, 0, 1, 0, 1, 0, 1, 0, 1],
    [1, 1, 1, 0, 1, 0, 1, 1, 1, 0, 1, 0, 1, 0, 1],
    [1, 0, 0, 0, 1, 0, 1, 0, 0, 0, 1, 0, 1, 0, 1],
    [1, 0, 1, 1, 1, 0, 1, 0, 1, 1, 1, 0, 1, 0, 1],
    [1, 0, 0, 0, 0, 0, 1, 0, 0, 0, 0, 0, 0, 0, 1],
    [1, 1, 1, 1, 1, 1, 1, 1, 1, 1, 1, 1, 1, 1, 1],
])
start = (np.int64(8), np.int64(11))
goal  = (np.int64(7), np.int64(1))

------------------------------------------------------------

# 15x15 maze  start=(np.int64(13), np.int64(11))  goal=(np.int64(1), np.int64(9))
maze = np.array([
    [1, 1, 1, 1, 1, 1, 1, 1, 1, 1, 1, 1, 1, 1, 1],
    [1, 0, 0, 0, 1, 0, 0, 0, 0, 0, 1, 0, 0, 0, 1],
    [1, 1, 1, 0, 1, 1, 1, 0, 1, 0, 1, 0, 1, 0, 1],
    [1, 0, 1, 0, 0, 0, 0, 0, 1, 0, 1, 0, 1, 0, 1],
    [1, 0, 1, 1, 1, 1, 1, 1, 1, 0, 1, 1, 1, 0, 1],
    [1, 0, 1, 0, 0, 0, 0, 0, 0, 0, 1, 0, 0, 0, 1],
    [1, 0, 1, 0, 1, 1, 1, 1, 1, 1, 1, 0, 1, 0, 1],
    [1, 0, 1, 0, 0, 0, 0, 0, 0, 0, 0, 0, 1, 0, 1],
    [1, 0, 1, 1, 1, 1, 1, 1, 1, 1, 1, 1, 1, 0, 1],
    [1, 0, 0, 0, 0, 0, 0, 0, 0, 0, 1, 0, 0, 0, 1],
    [1, 0, 1, 1, 1, 1, 1, 1, 1, 0, 1, 0, 1, 1, 1],
    [1, 0, 1, 0, 0, 0, 0, 0, 1, 0, 0, 0, 1, 0, 1],
    [1, 0, 1, 1, 1, 0, 1, 0, 1, 1, 1, 1, 1, 0, 1],
    [1, 0, 0, 0, 0, 0, 1, 0, 0, 0, 0, 0, 0, 0, 1],
    [1, 1, 1, 1, 1, 1, 1, 1, 1, 1, 1, 1, 1, 1, 1],
])
start = (np.int64(13), np.int64(11))
goal  = (np.int64(1), np.int64(9))

------------------------------------------------------------

# 15x15 maze  start=(np.int64(13), np.int64(11))  goal=(np.int64(1), np.int64(9))
maze = np.array([
    [1, 1, 1, 1, 1, 1, 1, 1, 1, 1, 1, 1, 1, 1, 1],
    [1, 0, 0, 0, 1, 0, 0, 0, 0, 0, 1, 0, 0, 0, 1],
    [1, 1, 1, 0, 1, 1, 1, 0, 1, 0, 1, 0, 1, 0, 1],
    [1, 0, 1, 0, 0, 0, 0, 0, 1, 0, 1, 0, 1, 0, 1],
    [1, 0, 1, 1, 1, 1, 1, 1, 1, 0, 1, 1, 1, 0, 1],
    [1, 0, 1, 0, 0, 0, 0, 0, 0, 0, 1, 0, 0, 0, 1],
    [1, 0, 1, 0, 1, 1, 1, 1, 1, 1, 1, 0, 1, 0, 1],
    [1, 0, 1, 0, 0, 0, 0, 0, 0, 0, 0, 0, 1, 0, 1],
    [1, 0, 1, 1, 1, 1, 1, 1, 1, 1, 1, 1, 1, 0, 1],
    [1, 0, 0, 0, 0, 0, 0, 0, 0, 0, 1, 0, 0, 0, 1],
    [1, 0, 1, 1, 1, 1, 1, 1, 1, 0, 1, 0, 1, 1, 1],
    [1, 0, 1, 0, 0, 0, 0, 0, 1, 0, 0, 0, 1, 0, 1],
    [1, 0, 1, 1, 1, 0, 1, 0, 1, 1, 1, 1, 1, 0, 1],
    [1, 0, 0, 0, 0, 0, 1, 0, 0, 0, 0, 0, 0, 0, 1],
    [1, 1, 1, 1, 1, 1, 1, 1, 1, 1, 1, 1, 1, 1, 1],
])
start = (np.int64(13), np.int64(11))
goal  = (np.int64(1), np.int64(9))

------------------------------------------------------------

